!----- Pressure Parameters -----
  PRES_SCALE =    1.000000000000E+000
  PMASS_TYPE = 'akima_spline'
  AM =   0.00000000000000E+00  0.00000000000000E+00  0.00000000000000E+00  0.00000000000000E+00
  0.00000000000000E+00  0.00000000000000E+00  0.00000000000000E+00  0.00000000000000E+00
  0.00000000000000E+00  0.00000000000000E+00  0.00000000000000E+00  0.00000000000000E+00
  0.00000000000000E+00  0.00000000000000E+00  0.00000000000000E+00  0.00000000000000E+00
  0.00000000000000E+00  0.00000000000000E+00  0.00000000000000E+00  0.00000000000000E+00
  0.00000000000000E+00
  AM_AUX_S =    0.000000000000E+000   2.040816284716E-002   4.081632569432E-002   6.122449040413E-002
   8.163265138865E-002   1.020408198237E-001   1.224489808083E-001   1.428571492434E-001
   1.632653027773E-001   1.836734712124E-001   2.040816396475E-001   2.244897931814E-001
   2.448979616165E-001   2.653061151505E-001   2.857142984867E-001   3.061224520206E-001
   3.265306055546E-001   3.469387888908E-001   3.673469424248E-001   3.877550959587E-001
   4.081632792950E-001   4.285714328289E-001   4.489795863628E-001   4.693877696991E-001
   4.897959232330E-001   5.102040767670E-001   5.306122303009E-001   5.510203838348E-001
   5.714285969734E-001   5.918367505074E-001   6.122449040413E-001   6.326530575752E-001
   6.530612111092E-001   6.734693646431E-001   6.938775777817E-001   7.142857313156E-001
   7.346938848495E-001   7.551020383835E-001   7.755101919174E-001   7.959183454514E-001
   8.163265585899E-001   8.367347121239E-001   8.571428656578E-001   8.775510191917E-001
   8.979591727257E-001   9.183673262596E-001   9.387755393982E-001   9.591836929321E-001
   9.795918464661E-001   1.000000000000E+000
  AM_AUX_F =    8.972188427197E+004   8.789082513565E+004   8.605975687240E+004   8.422863517137E+004
   8.239735027188E+004   8.056569834315E+004   7.873336354892E+004   7.689989591855E+004
   7.506470492395E+004   7.322704366455E+004   7.138601446370E+004   6.954056641567E+004
   6.768949755494E+004   6.583147518934E+004   6.396503927392E+004   6.208863895065E+004
   6.020063974049E+004   5.829936120272E+004   5.638311956649E+004   5.445024996893E+004
   5.249915823570E+004   5.052837776523E+004   4.853660533135E+004   4.652276705525E+004
   4.448608959449E+004   4.242614939592E+004   4.034295598834E+004   3.823702528840E+004
   3.610945425436E+004   3.396203137154E+004   3.179728959369E+004   2.961862603892E+004
   2.743039537296E+004   2.523801404258E+004   2.304806279104E+004   2.086842580925E+004
   1.870837056036E+004   1.657869629730E+004   1.449185522886E+004   1.246208475619E+004
   1.050553878614E+004   8.640451958532E+003   6.887251518583E+003   5.268731351188E+003
   3.810201723522E+003   2.539649524459E+003   1.487900451100E+003   6.888002530581E+002
   1.793703949706E+002   0.000000000000E+000
!----- Current/Iota Parameters -----
  
CURTOR =    5.812397834769E+004
  NCURR = 1
  PIOTA_TYPE = 'power_series'
  AI =   0.00000000000000E+00  0.00000000000000E+00  0.00000000000000E+00  0.00000000000000E+00
  0.00000000000000E+00  0.00000000000000E+00  0.00000000000000E+00  0.00000000000000E+00
  0.00000000000000E+00  0.00000000000000E+00  0.00000000000000E+00  0.00000000000000E+00
  0.00000000000000E+00  0.00000000000000E+00  0.00000000000000E+00  0.00000000000000E+00
  0.00000000000000E+00  0.00000000000000E+00  0.00000000000000E+00  0.00000000000000E+00
  0.00000000000000E+00
  PCURR_TYPE = 'akima_spline_ip'
  AC =    0.000000000000E+000   0.000000000000E+000   0.000000000000E+000   0.000000000000E+000
   0.000000000000E+000   0.000000000000E+000   0.000000000000E+000   0.000000000000E+000
   0.000000000000E+000   0.000000000000E+000   0.000000000000E+000   0.000000000000E+000
   0.000000000000E+000   0.000000000000E+000   0.000000000000E+000   0.000000000000E+000
   0.000000000000E+000   0.000000000000E+000   0.000000000000E+000   0.000000000000E+000
   0.000000000000E+000
  AC_AUX_S =    0.000000000000E+000   2.040816284716E-002   4.081632569432E-002   6.122449040413E-002
   8.163265138865E-002   1.020408198237E-001   1.224489808083E-001   1.428571492434E-001
   1.632653027773E-001   1.836734712124E-001   2.040816396475E-001   2.244897931814E-001
   2.448979616165E-001   2.653061151505E-001   2.857142984867E-001   3.061224520206E-001
   3.265306055546E-001   3.469387888908E-001   3.673469424248E-001   3.877550959587E-001
   4.081632792950E-001   4.285714328289E-001   4.489795863628E-001   4.693877696991E-001
   4.897959232330E-001   5.102040767670E-001   5.306122303009E-001   5.510203838348E-001
   5.714285969734E-001   5.918367505074E-001   6.122449040413E-001   6.326530575752E-001
   6.530612111092E-001   6.734693646431E-001   6.938775777817E-001   7.142857313156E-001
   7.346938848495E-001   7.551020383835E-001   7.755101919174E-001   7.959183454514E-001
   8.163265585899E-001   8.367347121239E-001   8.571428656578E-001   8.775510191917E-001
   8.979591727257E-001   9.183673262596E-001   9.387755393982E-001   9.591836929321E-001
   9.795918464661E-001   1.000000000000E+000
  AC_AUX_F =   -3.650161730214E+003   9.679396034920E+003   1.647671712634E+004   2.016241763115E+004
   2.286596223989E+004   2.542418698055E+004   2.791962099688E+004   3.019777890884E+004
   3.217201284542E+004   3.391430952915E+004   3.560695509191E+004   3.744150486742E+004
   3.953085761386E+004   4.186914687635E+004   4.434537704861E+004   4.679637988034E+004
   4.907499287315E+004   5.110884030874E+004   5.293171602430E+004   5.467970795076E+004
   5.655483571623E+004   5.876776685330E+004   6.147620103151E+004   6.473605908930E+004
   6.847906389947E+004   7.252351217754E+004   7.661636736541E+004   8.049661554861E+004
   8.396339856621E+004   8.692961290726E+004   8.944359728291E+004   9.166761543575E+004
   9.381259852818E+004   9.604104458460E+004   9.836238624441E+004   1.005538798260E+005
   1.021420459378E+005   1.024712534022E+005   1.008661834969E+005   9.686314735417E+004
   9.044600977444E+004   8.218477539589E+004   7.315401337988E+004   6.453107130322E+004
   5.687478567432E+004   4.931773011410E+004   3.933635827867E+004   2.448474340301E+004
   8.603059141677E+003   1.668880218903E+004
!----- Axis Parameters ----- 
  RAXIS_CC =   2.01241673779950E+00  3.34878648699579E-01  4.29418090353465E-02  2.99352591279865E-03
 -4.96800956143089E-04 -2.74953925764245E-04 -7.20795110776668E-05 -1.33633670696245E-05
  1.75854082073801E-06
  ZAXIS_CS =   -0.000000000000E+000  -2.616305752494E-001  -3.535970317494E-002  -2.783358637833E-003
   2.926722879021E-004   2.156234067316E-004   2.981642463465E-005   4.840494404763E-006
   1.760205136520E-006
!----- Boundary Parameters -----
  RBC( 000,000) =    1.997892636379E+000    ZBS( 000,000) =    0.000000000000E+000
  RBC( 001,000) =    2.781091662130E-001    ZBS( 001,000) =   -2.247814768903E-001
  RBC( 002,000) =    3.538254965655E-002    ZBS( 002,000) =   -2.895786251555E-002
  RBC( 003,000) =    1.128039188330E-002    ZBS( 003,000) =   -1.167481999570E-002
  RBC( 004,000) =   -1.223168378460E-004    ZBS( 004,000) =    4.465657413564E-004
  RBC(-004,001) =   -1.232799799247E-003    ZBS(-004,001) =   -1.240325922558E-003
  RBC(-003,001) =    3.926033111481E-003    ZBS(-003,001) =    2.664777128240E-003
  RBC(-002,001) =   -7.605702295303E-003    ZBS(-002,001) =   -4.252732417368E-003
  RBC(-001,001) =    3.155424899226E-002    ZBS(-001,001) =    2.805980186330E-002
  RBC( 000,001) =    3.129644460077E-001    ZBS( 000,001) =    3.265732401696E-001
  RBC( 001,001) =   -1.195455982197E-001    ZBS( 001,001) =    1.016275626827E-001
  RBC( 002,001) =   -3.542887880759E-002    ZBS( 002,001) =    4.409936366602E-002
  RBC( 003,001) =   -1.259062439764E-002    ZBS( 003,001) =    4.758035327968E-003
  RBC( 004,001) =    9.571350472888E-004    ZBS( 004,001) =    2.166637902014E-003
  RBC(-004,002) =   -6.679213823843E-004    ZBS(-004,002) =    1.790911638744E-004
  RBC(-003,002) =    6.093544018586E-004    ZBS(-003,002) =   -4.915270793632E-004
  RBC(-002,002) =   -2.727264752568E-003    ZBS(-002,002) =   -1.208677124278E-003
  RBC(-001,002) =    6.821573534888E-003    ZBS(-001,002) =    3.205536021777E-003
  RBC( 000,002) =    8.908938162342E-003    ZBS( 000,002) =    2.307614041814E-003
  RBC( 001,002) =    2.206985234775E-002    ZBS( 001,002) =    4.960906583225E-002
  RBC( 002,002) =    4.019983587156E-002    ZBS( 002,002) =   -3.392995743117E-002
  RBC( 003,002) =    2.578182587158E-003    ZBS( 003,002) =   -9.955945459357E-003
  RBC( 004,002) =    3.841443015301E-003    ZBS( 004,002) =   -2.689974513447E-003
  RBC(-001,003) =    1.402745840838E-003    ZBS(-001,003) =   -3.815378928289E-005
  RBC( 000,003) =    1.083749150267E-003    ZBS( 000,003) =    3.075366865576E-003
  RBC( 001,003) =    7.805453424062E-003    ZBS( 001,003) =   -3.276101306928E-003
  RBC( 002,003) =   -2.434502337726E-002    ZBS( 002,003) =   -1.427694246254E-002
  RBC( 003,003) =   -1.233833538127E-002    ZBS( 003,003) =   -3.624673014733E-003
  RBC( 004,003) =   -4.375993172271E-003    ZBS( 004,003) =   -3.306703759756E-003

