!----- Pressure Parameters -----
  PRES_SCALE =    1.000000000000E+000
  PMASS_TYPE = 'akima_spline'
  AM =   0.00000000000000E+00  0.00000000000000E+00  0.00000000000000E+00  0.00000000000000E+00
  0.00000000000000E+00  0.00000000000000E+00  0.00000000000000E+00  0.00000000000000E+00
  0.00000000000000E+00  0.00000000000000E+00  0.00000000000000E+00  0.00000000000000E+00
  0.00000000000000E+00  0.00000000000000E+00  0.00000000000000E+00  0.00000000000000E+00
  0.00000000000000E+00  0.00000000000000E+00  0.00000000000000E+00  0.00000000000000E+00
  0.00000000000000E+00
  AM_AUX_S =    0.000000000000E+000   2.040816284716E-002   4.081632569432E-002   6.122449040413E-002
   8.163265138865E-002   1.020408198237E-001   1.224489808083E-001   1.428571492434E-001
   1.632653027773E-001   1.836734712124E-001   2.040816396475E-001   2.244897931814E-001
   2.448979616165E-001   2.653061151505E-001   2.857142984867E-001   3.061224520206E-001
   3.265306055546E-001   3.469387888908E-001   3.673469424248E-001   3.877550959587E-001
   4.081632792950E-001   4.285714328289E-001   4.489795863628E-001   4.693877696991E-001
   4.897959232330E-001   5.102040767670E-001   5.306122303009E-001   5.510203838348E-001
   5.714285969734E-001   5.918367505074E-001   6.122449040413E-001   6.326530575752E-001
   6.530612111092E-001   6.734693646431E-001   6.938775777817E-001   7.142857313156E-001
   7.346938848495E-001   7.551020383835E-001   7.755101919174E-001   7.959183454514E-001
   8.163265585899E-001   8.367347121239E-001   8.571428656578E-001   8.775510191917E-001
   8.979591727257E-001   9.183673262596E-001   9.387755393982E-001   9.591836929321E-001
   9.795918464661E-001   1.000000000000E+000
  AM_AUX_F =    8.972188427197E+004   8.789082513565E+004   8.605975687240E+004   8.422863517137E+004
   8.239735027188E+004   8.056569834315E+004   7.873336354892E+004   7.689989591855E+004
   7.506470492395E+004   7.322704366455E+004   7.138601446370E+004   6.954056641567E+004
   6.768949755494E+004   6.583147518934E+004   6.396503927392E+004   6.208863895065E+004
   6.020063974049E+004   5.829936120272E+004   5.638311956649E+004   5.445024996893E+004
   5.249915823570E+004   5.052837776523E+004   4.853660533135E+004   4.652276705525E+004
   4.448608959449E+004   4.242614939592E+004   4.034295598834E+004   3.823702528840E+004
   3.610945425436E+004   3.396203137154E+004   3.179728959369E+004   2.961862603892E+004
   2.743039537296E+004   2.523801404258E+004   2.304806279104E+004   2.086842580925E+004
   1.870837056036E+004   1.657869629730E+004   1.449185522886E+004   1.246208475619E+004
   1.050553878614E+004   8.640451958532E+003   6.887251518583E+003   5.268731351188E+003
   3.810201723522E+003   2.539649524459E+003   1.487900451100E+003   6.888002530581E+002
   1.793703949706E+002   0.000000000000E+000
!----- Current/Iota Parameters -----
  CURTOR =    4.452465519786E+004
  NCURR = 1
  PIOTA_TYPE = 'power_series'
  AI =   0.00000000000000E+00  0.00000000000000E+00  0.00000000000000E+00  0.00000000000000E+00
  0.00000000000000E+00  0.00000000000000E+00  0.00000000000000E+00  0.00000000000000E+00
  0.00000000000000E+00  0.00000000000000E+00  0.00000000000000E+00  0.00000000000000E+00
  0.00000000000000E+00  0.00000000000000E+00  0.00000000000000E+00  0.00000000000000E+00
  0.00000000000000E+00  0.00000000000000E+00  0.00000000000000E+00  0.00000000000000E+00
  0.00000000000000E+00
  PCURR_TYPE = 'akima_spline_ip'
  AC =    0.000000000000E+000   0.000000000000E+000   0.000000000000E+000   0.000000000000E+000
   0.000000000000E+000   0.000000000000E+000   0.000000000000E+000   0.000000000000E+000
   0.000000000000E+000   0.000000000000E+000   0.000000000000E+000   0.000000000000E+000
   0.000000000000E+000   0.000000000000E+000   0.000000000000E+000   0.000000000000E+000
   0.000000000000E+000   0.000000000000E+000   0.000000000000E+000   0.000000000000E+000
   0.000000000000E+000
  AC_AUX_S =    0.000000000000E+000   2.040816284716E-002   4.081632569432E-002   6.122449040413E-002
   8.163265138865E-002   1.020408198237E-001   1.224489808083E-001   1.428571492434E-001
   1.632653027773E-001   1.836734712124E-001   2.040816396475E-001   2.244897931814E-001
   2.448979616165E-001   2.653061151505E-001   2.857142984867E-001   3.061224520206E-001
   3.265306055546E-001   3.469387888908E-001   3.673469424248E-001   3.877550959587E-001
   4.081632792950E-001   4.285714328289E-001   4.489795863628E-001   4.693877696991E-001
   4.897959232330E-001   5.102040767670E-001   5.306122303009E-001   5.510203838348E-001
   5.714285969734E-001   5.918367505074E-001   6.122449040413E-001   6.326530575752E-001
   6.530612111092E-001   6.734693646431E-001   6.938775777817E-001   7.142857313156E-001
   7.346938848495E-001   7.551020383835E-001   7.755101919174E-001   7.959183454514E-001
   8.163265585899E-001   8.367347121239E-001   8.571428656578E-001   8.775510191917E-001
   8.979591727257E-001   9.183673262596E-001   9.387755393982E-001   9.591836929321E-001
   9.795918464661E-001   1.000000000000E+000
  AC_AUX_F =   -4.120826914450E+003   7.502248763100E+003   1.168448000534E+004   1.407610111549E+004
   1.635657823324E+004   1.870746727219E+004   2.092947844873E+004   2.286380636566E+004
   2.448930698661E+004   2.589225188026E+004   2.720418800522E+004   2.854835302436E+004
   3.000721800185E+004   3.161110801478E+004   3.334308059272E+004   3.515398949647E+004
   3.698204797452E+004   3.877193025424E+004   4.048960865998E+004   4.213040581008E+004
   4.371913332657E+004   4.530281748740E+004   4.693796734535E+004   4.867540782159E+004
   5.054631123021E+004   5.255287413548E+004   5.466604084363E+004   5.683113077594E+004
   5.898018436616E+004   6.104787524490E+004   6.298657074750E+004   6.477551518495E+004
   6.642027582322E+004   6.794080137322E+004   6.934994683098E+004   7.062815182339E+004
   7.170321665289E+004   7.244504747312E+004   7.268289820586E+004   7.224541498299E+004
   7.101197863356E+004   6.894921748412E+004   6.609412638972E+004   6.244527535451E+004
   5.775260298527E+004   5.128125282438E+004   4.180491668640E+004   2.841573969229E+004
   1.329744280031E+004   8.502862698138E+003
!----- Axis Parameters ----- 
  RAXIS_CC =   2.26063097863367E+00  3.83309471817439E-01  3.80729159259355E-02 -8.71185333226515E-04
 -3.16096864925661E-04  1.92961311642179E-05 -1.15575058458029E-05 -3.47347092816403E-06
  6.91641664263266E-07
  ZAXIS_CS =   -0.000000000000E+000  -2.433385870745E-001  -2.905414330794E-002   1.335778326409E-003
   5.842723114975E-004   6.675512605470E-006   6.802223299184E-007   3.341347495912E-006
   2.068735551059E-007
!----- Boundary Parameters -----
  RBC( 000,000) =    2.213787753277E+000    ZBS( 000,000) =    0.000000000000E+000
  RBC( 001,000) =    3.656215397308E-001    ZBS( 001,000) =   -1.965128295579E-001
  RBC( 002,000) =    3.456423772046E-002    ZBS( 002,000) =   -3.646979663527E-002
  RBC( 003,000) =    5.457161442141E-003    ZBS( 003,000) =   -5.192598447635E-003
  RBC(-003,001) =   -6.648427824693E-004    ZBS(-003,001) =   -2.684446477725E-004
  RBC(-002,001) =   -6.570596378444E-003    ZBS(-002,001) =   -7.566248156143E-003
  RBC(-001,001) =    9.982031767088E-003    ZBS(-001,001) =    1.206806221013E-002
  RBC( 000,001) =    3.083632966416E-001    ZBS( 000,001) =    3.492551141177E-001
  RBC( 001,001) =   -1.332778103004E-001    ZBS( 001,001) =    1.407226052510E-001
  RBC( 002,001) =   -3.300474329336E-002    ZBS( 002,001) =    3.240320826982E-002
  RBC( 003,001) =   -3.112651686038E-004    ZBS( 003,001) =    2.079561020926E-004
  RBC( 004,001) =    6.765704009843E-004    ZBS( 004,001) =   -5.957290753855E-004
  RBC(-002,002) =    2.718953736038E-004    ZBS(-002,002) =    6.288146037965E-004
  RBC(-001,002) =   -2.770929536167E-003    ZBS(-001,002) =   -6.216750950341E-003
  RBC( 000,002) =    3.498282145432E-002    ZBS( 000,002) =    5.138727007637E-002
  RBC( 001,002) =    1.409573560022E-002    ZBS( 001,002) =    4.614340118298E-002
  RBC( 002,002) =    4.053307865212E-002    ZBS( 002,002) =   -3.849273092570E-002
  RBC( 003,002) =   -5.376839213274E-003    ZBS( 003,002) =    5.879569519226E-004
  RBC( 000,003) =   -5.079499282894E-003    ZBS( 000,003) =    1.939008141571E-003
  RBC( 001,003) =    7.116783126277E-003    ZBS( 001,003) =   -5.735908672178E-003
  RBC( 002,003) =   -1.225839767837E-003    ZBS( 002,003) =    6.555761894353E-003
  RBC( 003,003) =   -5.909359720191E-004    ZBS( 003,003) =   -3.318218400203E-003
  RBC( 000,004) =    7.958546418565E-004    ZBS( 000,004) =   -8.400528079414E-003
  RBC( 001,004) =   -1.548473265073E-003    ZBS( 001,004) =    5.247649151970E-004
  RBC( 002,004) =   -8.318541655080E-003    ZBS( 002,004) =   -1.075145215182E-002
  RBC( 003,004) =    4.142909912508E-004    ZBS( 003,004) =   -2.619498769889E-003
  RBC( 002,005) =   -2.531197219712E-003    ZBS( 002,005) =    6.782434133803E-005
  RBC( 003,005) =    5.731522249691E-004    ZBS( 003,005) =   -4.144001007549E-003
  RBC( 003,006) =   -9.754081072842E-004    ZBS( 003,006) =   -2.164005164392E-003

