!----- Pressure Parameters -----
  PRES_SCALE =    1.000000000000E+000
  PMASS_TYPE = 'akima_spline'
  AM =   0.00000000000000E+00  0.00000000000000E+00  0.00000000000000E+00  0.00000000000000E+00
  0.00000000000000E+00  0.00000000000000E+00  0.00000000000000E+00  0.00000000000000E+00
  0.00000000000000E+00  0.00000000000000E+00  0.00000000000000E+00  0.00000000000000E+00
  0.00000000000000E+00  0.00000000000000E+00  0.00000000000000E+00  0.00000000000000E+00
  0.00000000000000E+00  0.00000000000000E+00  0.00000000000000E+00  0.00000000000000E+00
  0.00000000000000E+00
  AM_AUX_S =    0.000000000000E+000   2.040816284716E-002   4.081632569432E-002   6.122449040413E-002
   8.163265138865E-002   1.020408198237E-001   1.224489808083E-001   1.428571492434E-001
   1.632653027773E-001   1.836734712124E-001   2.040816396475E-001   2.244897931814E-001
   2.448979616165E-001   2.653061151505E-001   2.857142984867E-001   3.061224520206E-001
   3.265306055546E-001   3.469387888908E-001   3.673469424248E-001   3.877550959587E-001
   4.081632792950E-001   4.285714328289E-001   4.489795863628E-001   4.693877696991E-001
   4.897959232330E-001   5.102040767670E-001   5.306122303009E-001   5.510203838348E-001
   5.714285969734E-001   5.918367505074E-001   6.122449040413E-001   6.326530575752E-001
   6.530612111092E-001   6.734693646431E-001   6.938775777817E-001   7.142857313156E-001
   7.346938848495E-001   7.551020383835E-001   7.755101919174E-001   7.959183454514E-001
   8.163265585899E-001   8.367347121239E-001   8.571428656578E-001   8.775510191917E-001
   8.979591727257E-001   9.183673262596E-001   9.387755393982E-001   9.591836929321E-001
   9.795918464661E-001   1.000000000000E+000
  AM_AUX_F =    8.972188427197E+004   8.789082513565E+004   8.605975687240E+004   8.422863517137E+004
   8.239735027188E+004   8.056569834315E+004   7.873336354892E+004   7.689989591855E+004
   7.506470492395E+004   7.322704366455E+004   7.138601446370E+004   6.954056641567E+004
   6.768949755494E+004   6.583147518934E+004   6.396503927392E+004   6.208863895065E+004
   6.020063974049E+004   5.829936120272E+004   5.638311956649E+004   5.445024996893E+004
   5.249915823570E+004   5.052837776523E+004   4.853660533135E+004   4.652276705525E+004
   4.448608959449E+004   4.242614939592E+004   4.034295598834E+004   3.823702528840E+004
   3.610945425436E+004   3.396203137154E+004   3.179728959369E+004   2.961862603892E+004
   2.743039537296E+004   2.523801404258E+004   2.304806279104E+004   2.086842580925E+004
   1.870837056036E+004   1.657869629730E+004   1.449185522886E+004   1.246208475619E+004
   1.050553878614E+004   8.640451958532E+003   6.887251518583E+003   5.268731351188E+003
   3.810201723522E+003   2.539649524459E+003   1.487900451100E+003   6.888002530581E+002
   1.793703949706E+002   0.000000000000E+000


!----- Current/Iota Parameters -----
  CURTOR =    3.784429949832E+004
  NCURR = 1
  PIOTA_TYPE = 'power_series'
  AI =   0.00000000000000E+00  0.00000000000000E+00  0.00000000000000E+00  0.00000000000000E+00
  0.00000000000000E+00  0.00000000000000E+00  0.00000000000000E+00  0.00000000000000E+00
  0.00000000000000E+00  0.00000000000000E+00  0.00000000000000E+00  0.00000000000000E+00
  0.00000000000000E+00  0.00000000000000E+00  0.00000000000000E+00  0.00000000000000E+00
  0.00000000000000E+00  0.00000000000000E+00  0.00000000000000E+00  0.00000000000000E+00
  0.00000000000000E+00
  PCURR_TYPE = 'akima_spline_ip'
  AC =    0.000000000000E+000   0.000000000000E+000   0.000000000000E+000   0.000000000000E+000
   0.000000000000E+000   0.000000000000E+000   0.000000000000E+000   0.000000000000E+000
   0.000000000000E+000   0.000000000000E+000   0.000000000000E+000   0.000000000000E+000
   0.000000000000E+000   0.000000000000E+000   0.000000000000E+000   0.000000000000E+000
   0.000000000000E+000   0.000000000000E+000   0.000000000000E+000   0.000000000000E+000
   0.000000000000E+000
  AC_AUX_S =    0.000000000000E+000   2.040816284716E-002   4.081632569432E-002   6.122449040413E-002
   8.163265138865E-002   1.020408198237E-001   1.224489808083E-001   1.428571492434E-001
   1.632653027773E-001   1.836734712124E-001   2.040816396475E-001   2.244897931814E-001
   2.448979616165E-001   2.653061151505E-001   2.857142984867E-001   3.061224520206E-001
   3.265306055546E-001   3.469387888908E-001   3.673469424248E-001   3.877550959587E-001
   4.081632792950E-001   4.285714328289E-001   4.489795863628E-001   4.693877696991E-001
   4.897959232330E-001   5.102040767670E-001   5.306122303009E-001   5.510203838348E-001
   5.714285969734E-001   5.918367505074E-001   6.122449040413E-001   6.326530575752E-001
   6.530612111092E-001   6.734693646431E-001   6.938775777817E-001   7.142857313156E-001
   7.346938848495E-001   7.551020383835E-001   7.755101919174E-001   7.959183454514E-001
   8.163265585899E-001   8.367347121239E-001   8.571428656578E-001   8.775510191917E-001
   8.979591727257E-001   9.183673262596E-001   9.387755393982E-001   9.591836929321E-001
   9.795918464661E-001   1.000000000000E+000
  AC_AUX_F =    8.768906064640E+003   5.019771294648E+003   1.316464151949E+004   1.710619137033E+004
   1.846117499653E+004   2.038507389833E+004   2.365048996539E+004   2.726187197813E+004
   2.993656768227E+004   3.106581741057E+004   3.092224327030E+004   3.035225382409E+004
   3.028938536072E+004   3.134814035779E+004   3.362830413949E+004   3.674262611226E+004
   4.000427030218E+004   4.267892928391E+004   4.421204119643E+004   4.437008992593E+004
   4.327220217942E+004   4.132291961438E+004   3.908088664141E+004   3.710845585829E+004
   3.584402035674E+004   3.552572563109E+004   3.617713987737E+004   3.764738963768E+004
   3.968504033643E+004   4.201912674167E+004   4.442330838645E+004   4.674818067194E+004
   4.891992764748E+004   5.091577083121E+004   5.273428483390E+004   5.437821365776E+004
   5.585825307404E+004   5.721011814005E+004   5.850043649334E+004   5.978762995142E+004
   6.101249773978E+004   6.182781566798E+004   6.143835174826E+004   5.859861006714E+004
   5.196716332292E+004   4.096457761403E+004   2.699072034970E+004   1.410875521902E+004
   6.767584532824E+003  -6.579911344102E+002
!----- Axis Parameters ----- 
  RAXIS_CC =   2.05126340026276E+00  3.62654923571117E-01  3.41009508890615E-02 -8.62516548655131E-04
 -1.80298210144435E-04  2.69497182260678E-05 -2.96993250665315E-06 -1.63019676015472E-06
  2.94987633151258E-07
  ZAXIS_CS =   -0.000000000000E+000  -2.638045437472E-001  -2.885168251641E-002   6.143966383753E-004
   2.611250405591E-004  -2.475923263778E-005   4.536577458098E-007   1.498837523660E-006
  -2.353116745115E-007
!----- Boundary Parameters -----
  RBC( 000,000) =    2.000000000000E+000    ZBS( 000,000) =    0.000000000000E+000
  RBC( 001,000) =    3.225160000000E-001    ZBS( 001,000) =   -1.929730000000E-001
  RBC( 002,000) =    3.390260000000E-002    ZBS( 002,000) =   -3.257100000000E-002
  RBC( 003,000) =    4.447310000000E-003    ZBS( 003,000) =   -4.488740000000E-003
  RBC(-002,001) =   -7.047360000000E-003    ZBS(-002,001) =   -7.100840000000E-003
  RBC(-001,001) =    7.984490000000E-003    ZBS(-001,001) =    8.428410000000E-003
  RBC( 000,001) =    3.131690000000E-001    ZBS( 000,001) =    3.534650000000E-001
  RBC( 001,001) =   -1.373590000000E-001    ZBS( 001,001) =    1.379140000000E-001
  RBC( 002,001) =   -3.498720000000E-002    ZBS( 002,001) =    3.495640000000E-002
  RBC( 003,001) =    1.197050000000E-003    ZBS( 003,001) =   -1.237400000000E-003
  RBC(-001,002) =   -3.494670000000E-003    ZBS(-001,002) =   -4.641580000000E-003
  RBC( 000,002) =    3.051120000000E-002    ZBS( 000,002) =    4.401110000000E-002
  RBC( 001,002) =    1.665500000000E-002    ZBS( 001,002) =    6.120600000000E-002
  RBC( 002,002) =    5.330230000000E-002    ZBS( 002,002) =   -5.277330000000E-002
  RBC( 003,002) =   -6.042000000000E-003    ZBS( 003,002) =    1.917590000000E-003
  RBC( 000,003) =    1.933220000000E-003    ZBS( 000,003) =    4.266930000000E-003
  RBC( 001,003) =    3.876070000000E-003    ZBS( 001,003) =   -1.088010000000E-002
  RBC( 002,003) =    1.722330000000E-004    ZBS( 002,003) =    9.161010000000E-003

