Magnetic Configuration
QHS

Spectrum Type
Boozer

Main Current
-10722

Aux. Taper Array
0
0
0
0
0
0

Earth Field
0

Integration Tolerances
relTol
1e-008
absTol
1e-010

Number of surfaces
200

chi end (chi start = 0).  Make this divisible by chiSkip in generateSpectrumSurfs.m 
2800

chi density ( 2^(chi density) = # of points per unit length of chi).  6 for Hamada, 8 for Boozer 
8

Starting coordinates for each surface -- it is assumed (in the spectrum code) that the first point is the magnetic axis!!!
r-coords
1.44490000000000
1.44524673366834
1.44559346733668
1.44594020100503
1.44628693467337
1.44663366834171
1.44698040201005
1.44732713567839
1.44767386934673
1.44802060301508
1.44836733668342
1.44871407035176
1.44906080402010
1.44940753768844
1.44975427135678
1.45010100502513
1.45044773869347
1.45079447236181
1.45114120603015
1.45148793969849
1.45183467336683
1.45218140703518
1.45252814070352
1.45287487437186
1.45322160804020
1.45356834170854
1.45391507537688
1.45426180904523
1.45460854271357
1.45495527638191
1.45530201005025
1.45564874371859
1.45599547738693
1.45634221105528
1.45668894472362
1.45703567839196
1.45738241206030
1.45772914572864
1.45807587939699
1.45842261306533
1.45876934673367
1.45911608040201
1.45946281407035
1.45980954773869
1.46015628140704
1.46050301507538
1.46084974874372
1.46119648241206
1.46154321608040
1.46188994974874
1.46223668341709
1.46258341708543
1.46293015075377
1.46327688442211
1.46362361809045
1.46397035175879
1.46431708542714
1.46466381909548
1.46501055276382
1.46535728643216
1.46570402010050
1.46605075376884
1.46639748743719
1.46674422110553
1.46709095477387
1.46743768844221
1.46778442211055
1.46813115577889
1.46847788944724
1.46882462311558
1.46917135678392
1.46951809045226
1.46986482412060
1.47021155778894
1.47055829145729
1.47090502512563
1.47125175879397
1.47159849246231
1.47194522613065
1.47229195979900
1.47263869346734
1.47298542713568
1.47333216080402
1.47367889447236
1.47402562814070
1.47437236180905
1.47471909547739
1.47506582914573
1.47541256281407
1.47575929648241
1.47610603015075
1.47645276381910
1.47679949748744
1.47714623115578
1.47749296482412
1.47783969849246
1.47818643216080
1.47853316582915
1.47887989949749
1.47922663316583
1.47957336683417
1.47992010050251
1.48026683417085
1.48061356783920
1.48096030150754
1.48130703517588
1.48165376884422
1.48200050251256
1.48234723618090
1.48269396984925
1.48304070351759
1.48338743718593
1.48373417085427
1.48408090452261
1.48442763819095
1.48477437185930
1.48512110552764
1.48546783919598
1.48581457286432
1.48616130653266
1.48650804020101
1.48685477386935
1.48720150753769
1.48754824120603
1.48789497487437
1.48824170854271
1.48858844221106
1.48893517587940
1.48928190954774
1.48962864321608
1.48997537688442
1.49032211055276
1.49066884422111
1.49101557788945
1.49136231155779
1.49170904522613
1.49205577889447
1.49240251256281
1.49274924623116
1.49309597989950
1.49344271356784
1.49378944723618
1.49413618090452
1.49448291457286
1.49482964824121
1.49517638190955
1.49552311557789
1.49586984924623
1.49621658291457
1.49656331658291
1.49691005025126
1.49725678391960
1.49760351758794
1.49795025125628
1.49829698492462
1.49864371859296
1.49899045226131
1.49933718592965
1.49968391959799
1.50003065326633
1.50037738693467
1.50072412060302
1.50107085427136
1.50141758793970
1.50176432160804
1.50211105527638
1.50245778894472
1.50280452261307
1.50315125628141
1.50349798994975
1.50384472361809
1.50419145728643
1.50453819095477
1.50488492462312
1.50523165829146
1.50557839195980
1.50592512562814
1.50627185929648
1.50661859296482
1.50696532663317
1.50731206030151
1.50765879396985
1.50800552763819
1.50835226130653
1.50869899497487
1.50904572864322
1.50939246231156
1.50973919597990
1.51008592964824
1.51043266331658
1.51077939698492
1.51112613065327
1.51147286432161
1.51181959798995
1.51216633165829
1.51251306532663
1.51285979899497
1.51320653266332
1.51355326633166
1.51390000000000

z-coords
0.00000000000000
0.00000000000000
0.00000000000000
0.00000000000000
0.00000000000000
0.00000000000000
0.00000000000000
0.00000000000000
0.00000000000000
0.00000000000000
0.00000000000000
0.00000000000000
0.00000000000000
0.00000000000000
0.00000000000000
0.00000000000000
0.00000000000000
0.00000000000000
0.00000000000000
0.00000000000000
0.00000000000000
0.00000000000000
0.00000000000000
0.00000000000000
0.00000000000000
0.00000000000000
0.00000000000000
0.00000000000000
0.00000000000000
0.00000000000000
0.00000000000000
0.00000000000000
0.00000000000000
0.00000000000000
0.00000000000000
0.00000000000000
0.00000000000000
0.00000000000000
0.00000000000000
0.00000000000000
0.00000000000000
0.00000000000000
0.00000000000000
0.00000000000000
0.00000000000000
0.00000000000000
0.00000000000000
0.00000000000000
0.00000000000000
0.00000000000000
0.00000000000000
0.00000000000000
0.00000000000000
0.00000000000000
0.00000000000000
0.00000000000000
0.00000000000000
0.00000000000000
0.00000000000000
0.00000000000000
0.00000000000000
0.00000000000000
0.00000000000000
0.00000000000000
0.00000000000000
0.00000000000000
0.00000000000000
0.00000000000000
0.00000000000000
0.00000000000000
0.00000000000000
0.00000000000000
0.00000000000000
0.00000000000000
0.00000000000000
0.00000000000000
0.00000000000000
0.00000000000000
0.00000000000000
0.00000000000000
0.00000000000000
0.00000000000000
0.00000000000000
0.00000000000000
0.00000000000000
0.00000000000000
0.00000000000000
0.00000000000000
0.00000000000000
0.00000000000000
0.00000000000000
0.00000000000000
0.00000000000000
0.00000000000000
0.00000000000000
0.00000000000000
0.00000000000000
0.00000000000000
0.00000000000000
0.00000000000000
0.00000000000000
0.00000000000000
0.00000000000000
0.00000000000000
0.00000000000000
0.00000000000000
0.00000000000000
0.00000000000000
0.00000000000000
0.00000000000000
0.00000000000000
0.00000000000000
0.00000000000000
0.00000000000000
0.00000000000000
0.00000000000000
0.00000000000000
0.00000000000000
0.00000000000000
0.00000000000000
0.00000000000000
0.00000000000000
0.00000000000000
0.00000000000000
0.00000000000000
0.00000000000000
0.00000000000000
0.00000000000000
0.00000000000000
0.00000000000000
0.00000000000000
0.00000000000000
0.00000000000000
0.00000000000000
0.00000000000000
0.00000000000000
0.00000000000000
0.00000000000000
0.00000000000000
0.00000000000000
0.00000000000000
0.00000000000000
0.00000000000000
0.00000000000000
0.00000000000000
0.00000000000000
0.00000000000000
0.00000000000000
0.00000000000000
0.00000000000000
0.00000000000000
0.00000000000000
0.00000000000000
0.00000000000000
0.00000000000000
0.00000000000000
0.00000000000000
0.00000000000000
0.00000000000000
0.00000000000000
0.00000000000000
0.00000000000000
0.00000000000000
0.00000000000000
0.00000000000000
0.00000000000000
0.00000000000000
0.00000000000000
0.00000000000000
0.00000000000000
0.00000000000000
0.00000000000000
0.00000000000000
0.00000000000000
0.00000000000000
0.00000000000000
0.00000000000000
0.00000000000000
0.00000000000000
0.00000000000000
0.00000000000000
0.00000000000000
0.00000000000000
0.00000000000000
0.00000000000000
0.00000000000000
0.00000000000000
0.00000000000000
0.00000000000000
0.00000000000000
0.00000000000000
0.00000000000000
0.00000000000000
0.00000000000000
0.00000000000000
0.00000000000000
0.00000000000000
0.00000000000000
0.00000000000000
0.00000000000000

phi-coords
0.00000000000000
0.00000000000000
0.00000000000000
0.00000000000000
0.00000000000000
0.00000000000000
0.00000000000000
0.00000000000000
0.00000000000000
0.00000000000000
0.00000000000000
0.00000000000000
0.00000000000000
0.00000000000000
0.00000000000000
0.00000000000000
0.00000000000000
0.00000000000000
0.00000000000000
0.00000000000000
0.00000000000000
0.00000000000000
0.00000000000000
0.00000000000000
0.00000000000000
0.00000000000000
0.00000000000000
0.00000000000000
0.00000000000000
0.00000000000000
0.00000000000000
0.00000000000000
0.00000000000000
0.00000000000000
0.00000000000000
0.00000000000000
0.00000000000000
0.00000000000000
0.00000000000000
0.00000000000000
0.00000000000000
0.00000000000000
0.00000000000000
0.00000000000000
0.00000000000000
0.00000000000000
0.00000000000000
0.00000000000000
0.00000000000000
0.00000000000000
0.00000000000000
0.00000000000000
0.00000000000000
0.00000000000000
0.00000000000000
0.00000000000000
0.00000000000000
0.00000000000000
0.00000000000000
0.00000000000000
0.00000000000000
0.00000000000000
0.00000000000000
0.00000000000000
0.00000000000000
0.00000000000000
0.00000000000000
0.00000000000000
0.00000000000000
0.00000000000000
0.00000000000000
0.00000000000000
0.00000000000000
0.00000000000000
0.00000000000000
0.00000000000000
0.00000000000000
0.00000000000000
0.00000000000000
0.00000000000000
0.00000000000000
0.00000000000000
0.00000000000000
0.00000000000000
0.00000000000000
0.00000000000000
0.00000000000000
0.00000000000000
0.00000000000000
0.00000000000000
0.00000000000000
0.00000000000000
0.00000000000000
0.00000000000000
0.00000000000000
0.00000000000000
0.00000000000000
0.00000000000000
0.00000000000000
0.00000000000000
0.00000000000000
0.00000000000000
0.00000000000000
0.00000000000000
0.00000000000000
0.00000000000000
0.00000000000000
0.00000000000000
0.00000000000000
0.00000000000000
0.00000000000000
0.00000000000000
0.00000000000000
0.00000000000000
0.00000000000000
0.00000000000000
0.00000000000000
0.00000000000000
0.00000000000000
0.00000000000000
0.00000000000000
0.00000000000000
0.00000000000000
0.00000000000000
0.00000000000000
0.00000000000000
0.00000000000000
0.00000000000000
0.00000000000000
0.00000000000000
0.00000000000000
0.00000000000000
0.00000000000000
0.00000000000000
0.00000000000000
0.00000000000000
0.00000000000000
0.00000000000000
0.00000000000000
0.00000000000000
0.00000000000000
0.00000000000000
0.00000000000000
0.00000000000000
0.00000000000000
0.00000000000000
0.00000000000000
0.00000000000000
0.00000000000000
0.00000000000000
0.00000000000000
0.00000000000000
0.00000000000000
0.00000000000000
0.00000000000000
0.00000000000000
0.00000000000000
0.00000000000000
0.00000000000000
0.00000000000000
0.00000000000000
0.00000000000000
0.00000000000000
0.00000000000000
0.00000000000000
0.00000000000000
0.00000000000000
0.00000000000000
0.00000000000000
0.00000000000000
0.00000000000000
0.00000000000000
0.00000000000000
0.00000000000000
0.00000000000000
0.00000000000000
0.00000000000000
0.00000000000000
0.00000000000000
0.00000000000000
0.00000000000000
0.00000000000000
0.00000000000000
0.00000000000000
0.00000000000000
0.00000000000000
0.00000000000000
0.00000000000000
0.00000000000000
0.00000000000000
0.00000000000000
0.00000000000000
0.00000000000000
0.00000000000000
0.00000000000000
0.00000000000000
0.00000000000000
0.00000000000000
0.00000000000000
0.00000000000000

