<===Magnetic Configuration
QHS

<===Coilset ID
coilset_hsx_complete

<===Coil Currents
10722.0

<===Integration Tolerances
<===relTol
1e-8
<===absTol
1e-10

<===Number of surfaces
29
<===Number of transits
320

<===Phi increment (in degrees) Also, 360 / Number of field periods
90

<===r-axis at  phi=0, z=0 
1.44536

<===Starting coordinates for each surface
<===r-coords
     1.445400000000000e+00
     1.447900000000000e+00
     1.450400000000000e+00
     1.452900000000000e+00
     1.455400000000000e+00
     1.457900000000000e+00
     1.460400000000000e+00
     1.462900000000000e+00
     1.465400000000000e+00
     1.467900000000000e+00
     1.470400000000000e+00
     1.472900000000000e+00
     1.475400000000000e+00
     1.477900000000000e+00
     1.480400000000000e+00
     1.482900000000000e+00
     1.485400000000000e+00
     1.487900000000000e+00
     1.490400000000000e+00
     1.492900000000000e+00
     1.495400000000000e+00
     1.497900000000000e+00
     1.500400000000000e+00
     1.502900000000000e+00
     1.505400000000000e+00
     1.507900000000000e+00
     1.510400000000000e+00
     1.512900000000000e+00
     1.515400000000000e+00

<===z-coords
     0
     0
     0
     0
     0
     0
     0
     0
     0
     0
     0
     0
     0
     0
     0
     0
     0
     0
     0
     0
     0
     0
     0
     0
     0
     0
     0
     0
     0

<===phi-coords
     0
     0
     0
     0
     0
     0
     0
     0
     0
     0
     0
     0
     0
     0
     0
     0
     0
     0
     0
     0
     0
     0
     0
     0
     0
     0
     0
     0
     0
