<===Magnetic Configuration
FNM001_EDGE

<===Coilset ID
coilset_w7x_v3

<===Coil Currents
13546 13546 13546 13546 13546 -4191 -4191 0 0 0 0 0 0 0 0 0 0 0 0 0 0 0 0 0 0 0 0 0 0

<===Integration Tolerances
<===relTol
1e-8
<===absTol
1e-10

<===Number of surfaces
40
<===Number of transits
20

<===Phi increment (in degrees) Also, 360 / Number of field periods
72

<===r-axis at  phi=0, z=0 
6.1669

<===Starting coordinates for each surface
<===r-coords
6.167900000000000e+00
6.168900000000000e+00
6.169900000000000e+00
6.170900000000000e+00
6.171900000000000e+00
6.172900000000000e+00
6.173900000000000e+00
6.174900000000000e+00
6.175900000000000e+00
6.176900000000000e+00
6.177900000000000e+00
6.178900000000000e+00
6.179900000000000e+00
6.180900000000000e+00
6.181900000000000e+00
6.182900000000000e+00
6.183900000000000e+00
6.184900000000000e+00
6.185900000000000e+00
6.186900000000000e+00
6.187900000000000e+00
6.188900000000000e+00
6.189900000000000e+00
6.190900000000000e+00
6.191900000000000e+00
6.192900000000000e+00
6.193900000000000e+00
6.194900000000000e+00
6.195900000000000e+00
6.196900000000000e+00
6.197900000000000e+00
6.198900000000000e+00
6.199900000000000e+00
6.200900000000000e+00
6.201900000000000e+00
6.202900000000000e+00
6.203900000000000e+00
6.204900000000000e+00
6.205900000000000e+00
6.206900000000000e+00

<===z-coords
     0
     0
     0
     0
     0
     0
     0
     0
     0
     0
     0
     0
     0
     0
     0
     0
     0
     0
     0
     0
     0
     0
     0
     0
     0
     0
     0
     0
     0
     0
     0
     0
     0
     0
     0
     0
     0
     0
     0
     0

<===phi-coords
     0
     0
     0
     0
     0
     0
     0
     0
     0
     0
     0
     0
     0
     0
     0
     0
     0
     0
     0
     0
     0
     0
     0
     0
     0
     0
     0
     0
     0
     0
     0
     0
     0
     0
     0
     0
     0
     0
     0
     0



