Magnetic Configuration
QHS46_34742_v6a

Main Current
1.928390794293118e+06

Integration Tolerances
relTol
1e-8
absTol
1e-10

Number of surfaces
68

Number of transits
1600

Phi increment (in degrees)
90

Starting coordinates for each surface
r-coords
7.359495302871074
7.409
7.459
7.509
7.559
7.609
7.659
7.709
7.759
7.760
7.770
7.780
7.790
7.800
7.810
7.820
7.830
7.840
7.850
7.860
7.870
7.880
7.890
7.900
6.5
6.55
6.6
6.61
6.62
6.63
6.64
6.65
6.66
6.67
6.68
6.69
6.7
6.71
6.72
6.73
6.74
6.75
6.76
6.77
6.78
6.79
6.8
6.81
6.82
6.83
6.84
6.85
6.85
6.86
6.87
6.88
6.89
6.9
6.91
6.92
6.93
6.94
6.95
6.96
6.97
6.98
6.99
7.0

z-coords
0
0
0
0
0
0
0
0
0
0
0
0
0
0
0
0
0
0
0
0
0
0
0
0
0
     0
     0
     0
     0
     0
     0
     0
     0
     0
     0
     0
     0
     0
     0
     0
     0
     0
     0
     0
     0
     0
     0
     0
     0
     0
     0
     0
     0
     0
     0
     0
     0
     0
     0
     0
     0
     0
     0
     0
     0
     0
     0
     0

phi-coords
0
0
0
0
0
0
0
0
0
0
0
0
0
0
0
0
0
0
0
0
0
0
0
0
0
     0
     0
     0
     0
     0
     0
     0
     0
     0
     0
     0
     0
     0
     0
     0
     0
     0
     0
     0
     0
     0
     0
     0
     0
     0
     0
     0
     0
     0
     0
     0
     0
     0
     0
     0
     0
     0
     0
     0
     0
     0
     0
     0


