<===Magnetic Configuration
Hill_5p

<===Coilset ID
coilset_hsx_complete

<===Coil Currents
10116. 708. 708. 708. 708. 708. 708.

<===Integration Tolerances
<===relTol
1e-8
<===absTol
1e-10

<===Number of surfaces
81
<===Number of transits
80

<===Phi increment (in degrees) Also, 360 / Number of field periods
90

<===r-axis at  phi=0, z=0 
1.4448

<===Starting coordinates for each surface
<===r-coords
     1.450000000000000e+00
     1.451000000000000e+00
     1.452000000000000e+00
     1.453000000000000e+00
     1.454000000000000e+00
     1.455000000000000e+00
     1.456000000000000e+00
     1.457000000000000e+00
     1.458000000000000e+00
     1.459000000000000e+00
     1.460000000000000e+00
     1.461000000000000e+00
     1.462000000000000e+00
     1.463000000000000e+00
     1.464000000000000e+00
     1.465000000000000e+00
     1.466000000000000e+00
     1.467000000000000e+00
     1.468000000000000e+00
     1.469000000000000e+00
     1.470000000000000e+00
     1.471000000000000e+00
     1.472000000000000e+00
     1.473000000000000e+00
     1.474000000000000e+00
     1.475000000000000e+00
     1.476000000000000e+00
     1.477000000000000e+00
     1.478000000000000e+00
     1.479000000000000e+00
     1.480000000000000e+00
     1.481000000000000e+00
     1.482000000000000e+00
     1.483000000000000e+00
     1.484000000000000e+00
     1.485000000000000e+00
     1.486000000000000e+00
     1.487000000000000e+00
     1.488000000000000e+00
     1.489000000000000e+00
     1.490000000000000e+00
     1.491000000000000e+00
     1.492000000000000e+00
     1.493000000000000e+00
     1.494000000000000e+00
     1.495000000000000e+00
     1.496000000000000e+00
     1.497000000000000e+00
     1.498000000000000e+00
     1.499000000000000e+00
     1.500000000000000e+00
     1.501000000000000e+00
     1.502000000000000e+00
     1.503000000000000e+00
     1.504000000000000e+00
     1.505000000000000e+00
     1.506000000000000e+00
     1.507000000000000e+00
     1.508000000000000e+00
     1.509000000000000e+00
     1.510000000000000e+00
     1.511000000000000e+00
     1.512000000000000e+00
     1.513000000000000e+00
     1.514000000000000e+00
     1.515000000000000e+00
     1.516000000000000e+00
     1.517000000000000e+00
     1.518000000000000e+00
     1.519000000000000e+00
     1.520000000000000e+00
     1.521000000000000e+00
     1.522000000000000e+00
     1.523000000000000e+00
     1.524000000000000e+00
     1.525000000000000e+00
     1.526000000000000e+00
     1.527000000000000e+00
     1.528000000000000e+00
     1.529000000000000e+00
     1.530000000000000e+00

<===z-coords
     0
     0
     0
     0
     0
     0
     0
     0
     0
     0
     0
     0
     0
     0
     0
     0
     0
     0
     0
     0
     0
     0
     0
     0
     0
     0
     0
     0
     0
     0
     0
     0
     0
     0
     0
     0
     0
     0
     0
     0
     0
     0
     0
     0
     0
     0
     0
     0
     0
     0
     0
     0
     0
     0
     0
     0
     0
     0
     0
     0
     0
     0
     0
     0
     0
     0
     0
     0
     0
     0
     0
     0
     0
     0
     0
     0
     0
     0
     0
     0
     0

<===phi-coords
     0
     0
     0
     0
     0
     0
     0
     0
     0
     0
     0
     0
     0
     0
     0
     0
     0
     0
     0
     0
     0
     0
     0
     0
     0
     0
     0
     0
     0
     0
     0
     0
     0
     0
     0
     0
     0
     0
     0
     0
     0
     0
     0
     0
     0
     0
     0
     0
     0
     0
     0
     0
     0
     0
     0
     0
     0
     0
     0
     0
     0
     0
     0
     0
     0
     0
     0
     0
     0
     0
     0
     0
     0
     0
     0
     0
     0
     0
     0
     0
     0
