<===Magnetic Configuration
FNM001_EDGE

<===Coilset ID
coilset_w7x_v3

<===Coil Currents
13546 13546 13546 13546 13546 -4191 -4191 0 0 0 0 0 0 0 0 0 0 0 0 0 0 0 0 0 0 0 0 0 0

<===Integration Tolerances
<===relTol
1e-8
<===absTol
1e-10

<===Number of surfaces
41
<===Number of transits
100

<===Phi increment (in degrees) Also, 360 / Number of field periods
360

<===r-axis at  phi=0, z=0 
5.7663

<===Starting coordinates for each surface
<===r-coords
     5.800000000000000e+00
     5.810000000000000e+00
     5.820000000000000e+00
     5.830000000000000e+00
     5.840000000000000e+00
     5.850000000000000e+00
     5.859999999999999e+00
     5.870000000000000e+00
     5.880000000000000e+00
     5.890000000000000e+00
     5.900000000000000e+00
     5.910000000000000e+00
     5.920000000000000e+00
     5.930000000000000e+00
     5.940000000000000e+00
     5.950000000000000e+00
     5.960000000000000e+00
     5.970000000000000e+00
     5.980000000000000e+00
     5.990000000000000e+00
     6.000000000000000e+00
     6.010000000000000e+00
     6.020000000000000e+00
     6.030000000000000e+00
     6.040000000000000e+00
     6.050000000000000e+00
     6.060000000000000e+00
     6.070000000000000e+00
     6.080000000000000e+00
     6.090000000000000e+00
     6.100000000000000e+00
     6.110000000000000e+00
     6.120000000000000e+00
     6.130000000000000e+00
     6.140000000000001e+00
     6.150000000000000e+00
     6.160000000000000e+00
     6.170000000000000e+00
     6.180000000000000e+00
     6.190000000000000e+00
     6.200000000000000e+00

<===z-coords
     0
     0
     0
     0
     0
     0
     0
     0
     0
     0
     0
     0
     0
     0
     0
     0
     0
     0
     0
     0
     0
     0
     0
     0
     0
     0
     0
     0
     0
     0
     0
     0
     0
     0
     0
     0
     0
     0
     0
     0
     0

<===phi-coords
     0
     0
     0
     0
     0
     0
     0
     0
     0
     0
     0
     0
     0
     0
     0
     0
     0
     0
     0
     0
     0
     0
     0
     0
     0
     0
     0
     0
     0
     0
     0
     0
     0
     0
     0
     0
     0
     0
     0
     0
     0



