     ASPECT RATIO:   10.800
             BETA:    0.000  (total)
                      0.000  (poloidal)
                      0.000  (toroidal)
  TORIDAL CURRENT:   -0.778457159845E-09
     TORIDAL FLUX:    1.888
           VOLUME:   28.343
     MAJOR RADIUS:    5.512
     MINOR_RADIUS:    0.510
    STORED ENERGY:    0.000000000000E+00
 <----load_fourier_geometry
           s         rho          Vp     <|rho|>   <|rho|^2>       <|B|>     <|B.B|>         S11         S12         S21  S22
     vaciota         ier
  0.0000000000E+00  0.0000000000E+00  2.8525564058E+01  2.3586453335E+00  6.1136820797E+00  0.0000000000E+00  0.0000000000E+00  1.9446854631E-06 -2.8978560722E-04 -2.7161941358E-04 -4.6900358326E+01  1.4901412734E+02   0
  5.0000000000E-03  7.0710678119E-02  2.8522386652E+01  2.3591285751E+00  6.1165574729E+00 -1.7480517454E+00 -4.2334386209E+00 -2.6947859872E-03  1.9944670453E-03  1.7211064859E-03 -4.6903322411E+01  7.4012075719E-01   0
  1.0000000000E-02  1.0000000000E-01  2.8519435831E+01  2.3596118168E+00  6.1194328661E+00 -1.7479109047E+00 -4.2332914366E+00 -5.3915166598E-03  4.2787196997E-03  3.7138323873E-03 -4.6905926964E+01  7.9360224028E-01   0
  1.5000000000E-02  1.2247448714E-01  2.8516788029E+01  2.3598152987E+00  6.1212468129E+00 -1.7477875719E+00 -4.2331855691E+00 -8.0889647845E-03  6.6009980822E-03  5.7437417956E-03 -4.6908540540E+01  8.1604979847E-01   0
  2.0000000000E-02  1.4142135624E-01  2.8514260986E+01  2.3599928500E+00  6.1230815754E+00 -1.7476721855E+00 -4.2331008746E+00 -1.0787664357E-02  8.9444480734E-03  7.7904227452E-03 -4.6911251077E+01  8.2913666735E-01   0
  2.5000000000E-02  1.5811388301E-01  2.8511798824E+01  2.3601701890E+00  6.1248969390E+00 -1.7475610298E+00 -4.2330273255E+00 -1.3487592050E-02  1.1301253263E-02  9.8467327862E-03 -4.6913995479E+01  8.3789999147E-01   0
  3.0000000000E-02  1.7320508076E-01  2.8509369517E+01  2.3603499364E+00  6.1267588585E+00 -1.7474525153E+00 -4.2329618812E+00 -1.6188904814E-02  1.3667626523E-02  1.1910564117E-02 -4.6916769078E+01  8.4425887233E-01   0
  3.5000000000E-02  1.8708286934E-01  2.8506961429E+01  2.3605349125E+00  6.1286703358E+00 -1.7473458498E+00 -4.2329023687E+00 -1.8891682977E-02  1.6041310525E-02  1.3981517275E-02 -4.6919560834E+01  8.4912024749E-01   0
  4.0000000000E-02  2.0000000000E-01  2.8504569943E+01  2.3607255087E+00  6.1306266471E+00 -1.7472406052E+00 -4.2328473641E+00 -2.1595983183E-02  1.8420835586E-02  1.6059710305E-02 -4.6922362212E+01  8.5297508479E-01   0
  4.5000000000E-02  2.1213203436E-01  2.8502193305E+01  2.3609210440E+00  6.1326197725E+00 -1.7471365320E+00 -4.2327958977E+00 -2.4301839533E-02  2.0805181163E-02  1.8145267919E-02 -4.6925166851E+01  8.5611548601E-01   0
  5.0000000000E-02  2.2360679775E-01  2.8499830664E+01  2.3611210512E+00  6.1346442004E+00 -1.7470334623E+00 -4.2327472716E+00 -2.7009282108E-02  2.3193610419E-02  2.0238137418E-02 -4.6927970500E+01  8.5872739327E-01   0
  5.5000000000E-02  2.3452078799E-01  2.8497481251E+01  2.3613247784E+00  6.1366938134E+00 -1.7469312688E+00 -4.2327009762E+00 -2.9718327464E-02  2.5585559338E-02  2.2338068702E-02 -4.6930770690E+01  8.6093537292E-01   0
  6.0000000000E-02  2.4494897428E-01  2.8495144184E+01  2.3615316610E+00  6.1387640010E+00 -1.7468298492E+00 -4.2326566428E+00 -3.2428988635E-02  2.7980591149E-02  2.4444674988E-02 -4.6933566035E+01  8.6282651192E-01   0
  6.5000000000E-02  2.5495097568E-01  2.8492818493E+01  2.3617412223E+00  6.1408511083E+00 -1.7467291136E+00 -4.2326139773E+00 -3.5141275395E-02  3.0378348210E-02  2.6557495841E-02 -4.6936356022E+01  8.6446345127E-01   0
  7.0000000000E-02  2.6457513111E-01  2.8490503155E+01  2.3619530074E+00  6.1429519184E+00 -1.7466289843E+00 -4.2325727545E+00 -3.7855193297E-02  3.2778537147E-02  2.8676060698E-02 -4.6939140679E+01  8.6589274264E-01   0
  7.5000000000E-02  2.7386127875E-01  2.8488197194E+01  2.3621667686E+00  6.1450645209E+00 -1.7465293969E+00 -4.2325328055E+00 -4.0570750510E-02  3.5180923756E-02  3.0799943607E-02 -4.6941920218E+01  8.6714993718E-01   0
  8.0000000000E-02  2.8284271247E-01  2.8485899764E+01  2.3623823559E+00  6.1471877169E+00 -1.7464302967E+00 -4.2324939910E+00 -4.3287956664E-02  3.7585318566E-02  3.2928776375E-02 -4.6944694916E+01  8.6826271006E-01   0
  8.5000000000E-02  2.9154759474E-01  2.8483610158E+01  2.3625993373E+00  6.1493190132E+00 -1.7463316377E+00 -4.2324561914E+00 -4.6006809455E-02  3.9991548415E-02  3.5062239657E-02 -4.6947465135E+01  8.6925281037E-01   0
  9.0000000000E-02  3.0000000000E-01  2.8481327782E+01  2.3628176717E+00  6.1514580324E+00 -1.7462333829E+00 -4.2324193149E+00 -4.8727318856E-02  4.2399480141E-02  3.7200085974E-02 -4.6950231188E+01  8.7013776125E-01   0
  9.5000000000E-02  3.0822070015E-01  2.8479052185E+01  2.3630373295E+00  6.1536045249E+00 -1.7461355027E+00 -4.2323832844E+00 -5.1449495226E-02  4.4809005458E-02  3.9342127782E-02 -4.6952993292E+01  8.7093187720E-01   0
  1.0000000000E-01  3.1622776602E-01  2.8476783035E+01  2.3632580293E+00  6.1557569925E+00 -1.7460379723E+00 -4.2323480270E+00 -5.4173337498E-02  4.7220022337E-02  4.1488212288E-02 -4.6955751670E+01  8.7164691189E-01   0
  1.0500000000E-01  3.2403703492E-01  2.8474520080E+01  2.3634798876E+00  6.1579160121E+00 -1.7459407726E+00 -4.2323134865E+00 -5.6898861127E-02  4.9632467040E-02  4.3638249205E-02 -4.6958506482E+01  8.7229280264E-01   0
  1.1000000000E-01  3.3166247904E-01  2.8472263164E+01  2.3637026864E+00  6.1600804235E+00 -1.7458438882E+00 -4.2322796096E+00 -5.9626065823E-02  5.2046270556E-02  4.5792160939E-02 -4.6961257849E+01  8.7287782344E-01   0
  1.1500000000E-01  3.3911649916E-01  2.8470012173E+01  2.3639264845E+00  6.1622505079E+00 -1.7457473063E+00 -4.2322463493E+00 -6.2354963827E-02  5.4461384520E-02  4.7949904225E-02 -4.6964005912E+01  8.7340896661E-01   0
  1.2000000000E-01  3.4641016151E-01  2.8467767049E+01  2.3641513379E+00  6.1644264913E+00 -1.7456510174E+00 -4.2322136672E+00 -6.5085567347E-02  5.6877778478E-02  5.0111463252E-02 -4.6966750756E+01  8.7389233584E-01   0
  1.2500000000E-01  3.5355339059E-01  2.8465527776E+01  2.3643770880E+00  6.1666074765E+00 -1.7455550137E+00 -4.2321815246E+00 -6.7817876657E-02  5.9295416543E-02  5.2276826068E-02 -4.6969492503E+01  8.7433313260E-01   0
  1.3000000000E-01  3.6055512755E-01  2.8463294352E+01  2.3646038785E+00  6.1687940967E+00 -1.7454592893E+00 -4.2321498930E+00 -7.0551907992E-02  6.1714291940E-02  5.4446012406E-02 -4.6972231224E+01  8.7473597380E-01   0
  1.3500000000E-01  3.6742346142E-01  2.8461066824E+01  2.3648315080E+00  6.1709851649E+00 -1.7453638402E+00 -4.2321187425E+00 -7.3287657162E-02  6.4134382615E-02  5.6619031985E-02 -4.6974966982E+01  8.7510482799E-01   0
  1.4000000000E-01  3.7416573868E-01  2.8458845225E+01  2.3650602510E+00  6.1731819680E+00 -1.7452686620E+00 -4.2320880465E+00 -7.6025148347E-02  6.6555695169E-02  5.8795920591E-02 -4.6977699898E+01  8.7544314764E-01   0
  1.4500000000E-01  3.8078865529E-01  2.8456629625E+01  2.3652899808E+00  6.1753836484E+00 -1.7451737533E+00 -4.2320577854E+00 -7.8764380732E-02  6.8978227031E-02  6.0976709533E-02 -4.6980430015E+01  8.7575407043E-01   0
  1.5000000000E-01  3.8729833462E-01  2.8454420108E+01  2.3655205893E+00  6.1775894461E+00 -1.7450791124E+00 -4.2320279363E+00 -8.1505353336E-02  7.1401978116E-02  6.3161431090E-02 -4.6983157407E+01  8.7604034819E-01   0
  1.5500000000E-01  3.9370039370E-01  2.8452216744E+01  2.3657523276E+00  6.1798004601E+00 -1.7449847381E+00 -4.2319984815E+00 -8.4248089205E-02  7.3826973523E-02  6.5350140520E-02 -4.6985882147E+01  8.7630442684E-01   0
  1.6000000000E-01  4.0000000000E-01  2.8450019635E+01  2.3659850843E+00  6.1820158782E+00 -1.7448906302E+00 -4.2319694033E+00 -8.6992586521E-02  7.6253218418E-02  6.7542872590E-02 -4.6988604276E+01  8.7654846771E-01   0
  1.6500000000E-01  4.0620192023E-01  2.8447828887E+01  2.3662187624E+00  6.1842349568E+00 -1.7447967890E+00 -4.2319406851E+00 -8.9738843086E-02  7.8680720795E-02  6.9739663917E-02 -4.6991323854E+01  8.7677440548E-01   0
  1.7000000000E-01  4.1231056256E-01  2.8445644592E+01  2.3664535896E+00  6.1864586448E+00 -1.7447032146E+00 -4.2319123125E+00 -9.2486880724E-02  8.1109515499E-02  7.1940573037E-02 -4.6994040955E+01  8.7698400967E-01   0
  1.7500000000E-01  4.1833001327E-01  2.8443466859E+01  2.3666894644E+00  6.1886861667E+00 -1.7446099078E+00 -4.2318842711E+00 -9.5236696454E-02  8.3539613577E-02  7.4145634799E-02 -4.6996755665E+01  8.7717882589E-01   0
  1.8000000000E-01  4.2426406871E-01  2.8441295795E+01  2.3669262965E+00  6.1909167917E+00 -1.7445168702E+00 -4.2318565512E+00 -9.7988286680E-02  8.5971031861E-02  7.6354886926E-02 -4.6999468031E+01  8.7736029248E-01   0
  1.8500000000E-01  4.3011626335E-01  2.8439131490E+01  2.3671642930E+00  6.1931513588E+00 -1.7444241025E+00 -4.2318291416E+00 -1.0074167207E-01  8.8403810877E-02  7.8568387090E-02 -4.7002178116E+01  8.7752971598E-01   0
  1.9000000000E-01  4.3588989435E-01  2.8436974053E+01  2.3674033583E+00  6.1953891247E+00 -1.7443316061E+00 -4.2318020310E+00 -1.0349684839E-01  9.0837967788E-02  8.0786167668E-02 -4.7004885972E+01  8.7768825045E-01   0
  1.9500000000E-01  4.4158804332E-01  2.8434823580E+01  2.3676434979E+00  6.1976298794E+00 -1.7442393822E+00 -4.2317752093E+00 -1.0625381925E-01  9.3273529009E-02  8.3008267823E-02 -4.7007591659E+01  8.7783695367E-01   0
  2.0000000000E-01  4.4721359550E-01  2.8432680174E+01  2.3678846269E+00  6.1998729454E+00 -1.7441474323E+00 -4.2317486669E+00 -1.0901257973E-01  9.5710516623E-02  8.5234719797E-02 -4.7010295221E+01  8.7797680650E-01   0
  2.0500000000E-01  4.5276925691E-01  2.8430543917E+01  2.3681269284E+00  6.2021190647E+00 -1.7440557569E+00 -4.2317223935E+00 -1.1177314928E-01  9.8148974135E-02  8.7465573305E-02 -4.7012996719E+01  8.7810869400E-01   0
  2.1000000000E-01  4.5825756950E-01  2.8428414906E+01  2.3683703138E+00  6.2043675615E+00 -1.7439643572E+00 -4.2316963783E+00 -1.1453552250E-01  1.0058892301E-01  8.9700854249E-02 -4.7015696214E+01  8.7823341451E-01   0
  2.1500000000E-01  4.6368092477E-01  2.8426293234E+01  2.3686147018E+00  6.2066178026E+00 -1.7438732347E+00 -4.2316706132E+00 -1.1729969366E-01  1.0303038734E-01  9.1940589709E-02 -4.7018393756E+01  8.7835171710E-01   0
  2.2000000000E-01  4.6904157598E-01  2.8424178970E+01  2.3688602608E+00  6.2088704819E+00 -1.7437823898E+00 -4.2316450891E+00 -1.2006568153E-01  1.0547341534E-01  9.4184826159E-02 -4.7021089423E+01  8.7846430385E-01   0
  2.2500000000E-01  4.7434164903E-01  2.8422072197E+01  2.3691069064E+00  6.2111249750E+00 -1.7436918236E+00 -4.2316197973E+00 -1.2283348004E-01  1.0791803367E-01  9.6433588721E-02 -4.7023783287E+01  8.7857181634E-01   0
  2.3000000000E-01  4.7958315233E-01  2.8419972994E+01  2.3693545608E+00  6.2133806990E+00 -1.7436015372E+00 -4.2315947301E+00 -1.2560308290E-01  1.1036427062E-01  9.8686901555E-02 -4.7026475404E+01  8.7867485470E-01   0
  2.3500000000E-01  4.8476798574E-01  2.8417881415E+01  2.3696033799E+00  6.2156383214E+00 -1.7435115304E+00 -4.2315698783E+00 -1.2837450854E-01  1.1281217814E-01  1.0094480963E-01 -4.7029165854E+01  8.7877398268E-01   0
  2.4000000000E-01  4.8989794856E-01  2.8415797530E+01  2.3698532831E+00  6.2178972705E+00 -1.7434218041E+00 -4.2315452335E+00 -1.3114775046E-01  1.1526178769E-01  1.0320733657E-01 -4.7031854683E+01  8.7886972731E-01   0
  2.4500000000E-01  4.9497474683E-01  2.8413721408E+01  2.3701041960E+00  6.2201570239E+00 -1.7433323585E+00 -4.2315207857E+00 -1.3392280224E-01  1.1771312685E-01  1.0547450019E-01 -4.7034541953E+01  8.7896254319E-01   0
  2.5000000000E-01  5.0000000000E-01  2.8411653090E+01  2.3703562638E+00  6.2224182299E+00 -1.7432431932E+00 -4.2314965262E+00 -1.3669968217E-01  1.2016624675E-01  1.0774633786E-01 -4.7037227749E+01  8.7905286133E-01   0
  2.5500000000E-01  5.0497524692E-01  2.8409592636E+01  2.3706094101E+00  6.2246803739E+00 -1.7431543087E+00 -4.2314724470E+00 -1.3947838365E-01  1.2262117842E-01  1.1002286774E-01 -4.7039912125E+01  8.7914109134E-01   0
  2.6000000000E-01  5.0990195136E-01  2.8407540092E+01  2.3708636323E+00  6.2269433499E+00 -1.7430657047E+00 -4.2314485390E+00 -1.4225890851E-01  1.2507795885E-01  1.1230411106E-01 -4.7042595155E+01  8.7922760097E-01   0
  2.6500000000E-01  5.1478150705E-01  2.8405495503E+01  2.3711189280E+00  6.2292070585E+00 -1.7429773813E+00 -4.2314247946E+00 -1.4504125850E-01  1.2753662649E-01  1.1459008995E-01 -4.7045276894E+01  8.7931274049E-01   0
  2.7000000000E-01  5.1961524227E-01  2.8403458925E+01  2.3713751619E+00  6.2314707112E+00 -1.7428893386E+00 -4.2314012050E+00 -1.4782541888E-01  1.2999720531E-01  1.1688081102E-01 -4.7047957383E+01  8.7939683375E-01   0
  2.7500000000E-01  5.2440442409E-01  2.8401430373E+01  2.3716325982E+00  6.2337356478E+00 -1.7428015752E+00 -4.2313777609E+00 -1.5061142482E-01  1.3245976090E-01  1.1917631853E-01 -4.7050636712E+01  8.7948016598E-01   0
  2.8000000000E-01  5.2915026221E-01  2.8399409896E+01  2.3718910990E+00  6.2360010869E+00 -1.7427140912E+00 -4.2313544542E+00 -1.5339926177E-01  1.3492431590E-01  1.2147661524E-01 -4.7053314920E+01  8.7956300666E-01   0
  2.8500000000E-01  5.3385391260E-01  2.8397397526E+01  2.3721506616E+00  6.2382669738E+00 -1.7426268861E+00 -4.2313312766E+00 -1.5618893191E-01  1.3739090877E-01  1.2378171844E-01 -4.7055992073E+01  8.7964561308E-01   0
  2.9000000000E-01  5.3851648071E-01  2.8395393295E+01  2.3724112827E+00  6.2405332595E+00 -1.7425399593E+00 -4.2313082207E+00 -1.5898043748E-01  1.3985957802E-01  1.2609164422E-01 -4.7058668226E+01  8.7972822465E-01   0
  2.9500000000E-01  5.4313902456E-01  2.8393397231E+01  2.3726729593E+00  6.2427999091E+00 -1.7424533104E+00 -4.2312852780E+00 -1.6177378096E-01  1.4233036106E-01  1.2840640721E-01 -4.7061343440E+01  8.7981105601E-01   0
  3.0000000000E-01  5.4772255751E-01  2.8391409372E+01  2.3729355693E+00  6.2450662621E+00 -1.7423669390E+00 -4.2312624408E+00 -1.6456894830E-01  1.4480328280E-01  1.3072600960E-01 -4.7064017753E+01  8.7989431964E-01   0
  3.0500000000E-01  5.5226805086E-01  2.8389429720E+01  2.3731993506E+00  6.2473335790E+00 -1.7422808435E+00 -4.2312397009E+00 -1.6736597563E-01  1.4727841129E-01  1.3305049389E-01 -4.7066691245E+01  8.7997820786E-01   0
  3.1000000000E-01  5.5677643628E-01  2.8387458308E+01  2.3734641789E+00  6.2496012108E+00 -1.7421950234E+00 -4.2312170498E+00 -1.7016484940E-01  1.4975576938E-01  1.3537985896E-01 -4.7069363948E+01  8.8006289143E-01   0
  3.1500000000E-01  5.6124860802E-01  2.8385495161E+01  2.3737300518E+00  6.2518691574E+00 -1.7421094781E+00 -4.2311944797E+00 -1.7296557280E-01  1.5223539609E-01  1.3771411936E-01 -4.7072035908E+01  8.8014853839E-01   0
  3.2000000000E-01  5.6568542495E-01  2.8383540301E+01  2.3739969666E+00  6.2541374301E+00 -1.7420242066E+00 -4.2311719822E+00 -1.7576814935E-01  1.5471732928E-01  1.4005328738E-01 -4.7074707178E+01  8.8023529776E-01   0
  3.2500000000E-01  5.7008771255E-01  2.8381593749E+01  2.3742649211E+00  6.2564060486E+00 -1.7419392081E+00 -4.2311495495E+00 -1.7857258279E-01  1.5720160661E-01  1.4239737544E-01 -4.7077377812E+01  8.8032330699E-01   0
  3.3000000000E-01  5.7445626465E-01  2.8379655539E+01  2.3745338043E+00  6.2586744561E+00 -1.7418544825E+00 -4.2311271751E+00 -1.8137886024E-01  1.5968825306E-01  1.4474638379E-01 -4.7080047839E+01  8.8041270550E-01   0
  3.3500000000E-01  5.7879184514E-01  2.8377725668E+01  2.3748038332E+00  6.2609438531E+00 -1.7417700281E+00 -4.2311048507E+00 -1.8418701939E-01  1.6217733681E-01  1.4710035355E-01 -4.7082717349E+01  8.8050361719E-01   0
  3.4000000000E-01  5.8309518948E-01  2.8375804168E+01  2.3750748956E+00  6.2632136921E+00 -1.7416858446E+00 -4.2310825696E+00 -1.8699704797E-01  1.6466888142E-01  1.4945928305E-01 -4.7085386373E+01  8.8059615491E-01   0
  3.4500000000E-01  5.8736700622E-01  2.8373891060E+01  2.3753469900E+00  6.2654840185E+00 -1.7416019314E+00 -4.2310603251E+00 -1.8980895064E-01  1.6716292517E-01  1.5182318501E-01 -4.7088054959E+01  8.8069042378E-01   0
  3.5000000000E-01  5.9160797831E-01  2.8371986365E+01  2.3756201146E+00  6.2677548845E+00 -1.7415182879E+00 -4.2310381104E+00 -1.9262273235E-01  1.6965950689E-01  1.5419207225E-01 -4.7090723156E+01  8.8078652411E-01   0
  3.5500000000E-01  5.9581876439E-01  2.8370090104E+01  2.3758942683E+00  6.2700263485E+00 -1.7414349134E+00 -4.2310159187E+00 -1.9543839832E-01  1.7215866448E-01  1.5656595709E-01 -4.7093391019E+01  8.8088454449E-01   0
  3.6000000000E-01  6.0000000000E-01  2.8368202307E+01  2.3761693501E+00  6.2722979410E+00 -1.7413518080E+00 -4.2309937442E+00 -1.9825593721E-01  1.7466042147E-01  1.5894483798E-01 -4.7096058586E+01  8.8098456941E-01   0
  3.6500000000E-01  6.0415229868E-01  2.8366322970E+01  2.3764455605E+00  6.2745708025E+00 -1.7412689700E+00 -4.2309715807E+00 -2.0107538832E-01  1.7716484727E-01  1.6132875784E-01 -4.7098725945E+01  8.8108668471E-01   0
  3.7000000000E-01  6.0827625303E-01  2.8364452124E+01  2.3767227976E+00  6.2768444665E+00 -1.7411863996E+00 -4.2309494225E+00 -2.0389674085E-01  1.7967196627E-01  1.6371771657E-01 -4.7101393137E+01  8.8119096714E-01   0
  3.7500000000E-01  6.1237243570E-01  2.8362589788E+01  2.3770010610E+00  6.2791190121E+00 -1.7411040962E+00 -4.2309272640E+00 -2.0672000109E-01  1.8218181764E-01  1.6611172882E-01 -4.7104060219E+01  8.8129748779E-01   0
  3.8000000000E-01  6.1644140030E-01  2.8360735978E+01  2.3772803508E+00  6.2813945212E+00 -1.7410220593E+00 -4.2309051000E+00 -2.0954517556E-01  1.8469444173E-01  1.6851081053E-01 -4.7106727246E+01  8.8140631836E-01   0
  3.8500000000E-01  6.2048368230E-01  2.8358890715E+01  2.3775606669E+00  6.2836710806E+00 -1.7409402885E+00 -4.2308829251E+00 -2.1237227108E-01  1.8720987875E-01  1.7091497833E-01 -4.7109394270E+01  8.8151752483E-01   0
  3.9000000000E-01  6.2449979984E-01  2.8357054017E+01  2.3778420098E+00  6.2859487812E+00 -1.7408587835E+00 -4.2308607340E+00 -2.1520129475E-01  1.8972816837E-01  1.7332424824E-01 -4.7112061344E+01  8.8163116580E-01   0
  3.9500000000E-01  6.2849025450E-01  2.8355225916E+01  2.3781242885E+00  6.2882272288E+00 -1.7407775443E+00 -4.2308385218E+00 -2.1803223706E-01  1.9224933533E-01  1.7573862288E-01 -4.7114728501E+01  8.8174729533E-01   0
  4.0000000000E-01  6.3245553203E-01  2.8353406414E+01  2.3784076875E+00  6.2905075009E+00 -1.7406965699E+00 -4.2308162834E+00 -2.2086513936E-01  1.9477345017E-01  1.7815814902E-01 -4.7117395821E+01  8.8186596911E-01   0
  4.0500000000E-01  6.3639610307E-01  2.8351595545E+01  2.3786921150E+00  6.2927892026E+00 -1.7406158605E+00 -4.2307940138E+00 -2.2369999269E-01  1.9730053687E-01  1.8058282946E-01 -4.7120063333E+01  8.8198722987E-01   0
  4.1000000000E-01  6.4031242374E-01  2.8349793336E+01  2.3789775718E+00  6.2950724335E+00 -1.7405354161E+00 -4.2307717088E+00 -2.2653680514E-01  1.9983063467E-01  1.8301268171E-01 -4.7122731083E+01  8.8211111899E-01   0
  4.1500000000E-01  6.4420493634E-01  2.8347999813E+01  2.3792640589E+00  6.2973572945E+00 -1.7404552367E+00 -4.2307493638E+00 -2.2937558505E-01  2.0236378269E-01  1.8544772412E-01 -4.7125399115E+01  8.8223767429E-01   0
  4.2000000000E-01  6.4807406984E-01  2.8346215007E+01  2.3795515772E+00  6.2996438870E+00 -1.7403753224E+00 -4.2307269748E+00 -2.3221634096E-01  2.0490001936E-01  1.8788797431E-01 -4.7128067473E+01  8.8236692781E-01   0
  4.2500000000E-01  6.5192024052E-01  2.8344438958E+01  2.3798400429E+00  6.3019318572E+00 -1.7402956741E+00 -4.2307045381E+00 -2.3505906468E-01  2.0743936767E-01  1.9033343581E-01 -4.7130736186E+01  8.8249890705E-01   0
  4.3000000000E-01  6.5574385243E-01  2.8342671677E+01  2.3801296284E+00  6.3042222232E+00 -1.7402162910E+00 -4.2306820499E+00 -2.3790379901E-01  2.0998189610E-01  1.9278415605E-01 -4.7133405332E+01  8.8263364006E-01   0
  4.3500000000E-01  6.5954529791E-01  2.8340913207E+01  2.3804202490E+00  6.3065146250E+00 -1.7401371740E+00 -4.2306595072E+00 -2.4075053610E-01  2.1252762740E-01  1.9524013923E-01 -4.7136074943E+01  8.8277114912E-01   0
  4.4000000000E-01  6.6332495807E-01  2.8339163580E+01  2.3807119060E+00  6.3088091644E+00 -1.7400583237E+00 -4.2306369068E+00 -2.4359928522E-01  2.1507659944E-01  1.9770140410E-01 -4.7138745068E+01  8.8291145537E-01   0
  4.4500000000E-01  6.6708320321E-01  2.8337422830E+01  2.3810046011E+00  6.3111059411E+00 -1.7399797405E+00 -4.2306142464E+00 -2.4645005579E-01  2.1762885018E-01  2.0016797041E-01 -4.7141415758E+01  8.8305457868E-01   0
  4.5000000000E-01  6.7082039325E-01  2.8335690991E+01  2.3812983357E+00  6.3134050539E+00 -1.7399014251E+00 -4.2305915234E+00 -2.4930285733E-01  2.2018441759E-01  2.0263985803E-01 -4.7144087061E+01  8.8320053747E-01   0
  4.5500000000E-01  6.7453687816E-01  2.8333968109E+01  2.3815930316E+00  6.3157061731E+00 -1.7398233786E+00 -4.2305687358E+00 -2.5215768250E-01  2.2274332442E-01  2.0511707301E-01 -4.7146759014E+01  8.8334934795E-01   0
  4.6000000000E-01  6.7823299831E-01  2.8332254200E+01  2.3818888503E+00  6.3180102527E+00 -1.7397456009E+00 -4.2305458816E+00 -2.5501457507E-01  2.2530563952E-01  2.0759966626E-01 -4.7149431699E+01  8.8350102915E-01   0
  4.6500000000E-01  6.8190908485E-01  2.8330549312E+01  2.3821857127E+00  6.3203169534E+00 -1.7396680933E+00 -4.2305229590E+00 -2.5787352788E-01  2.2787138582E-01  2.1008764519E-01 -4.7152105153E+01  8.8365559543E-01   0
  4.7000000000E-01  6.8556546004E-01  2.8328853486E+01  2.3824836197E+00  6.3226263650E+00 -1.7395908568E+00 -4.2304999666E+00 -2.6073455081E-01  2.3044060151E-01  2.1258103220E-01 -4.7154779428E+01  8.8381306119E-01   0
  4.7500000000E-01  6.8920243760E-01  2.8327166762E+01  2.3827825724E+00  6.3249385740E+00 -1.7395138924E+00 -4.2304769028E+00 -2.6359765381E-01  2.3301332494E-01  2.1507985081E-01 -4.7157454579E+01  8.8397344046E-01   0
  4.8000000000E-01  6.9282032303E-01  2.8325489182E+01  2.3830825716E+00  6.3272536624E+00 -1.7394372012E+00 -4.2304537668E+00 -2.6646284679E-01  2.3558959388E-01  2.1758412407E-01 -4.7160130656E+01  8.8413674446E-01   0
  4.8500000000E-01  6.9641941386E-01  2.8323820801E+01  2.3833835429E+00  6.3295713076E+00 -1.7393607847E+00 -4.2304305572E+00 -2.6933012265E-01  2.3816943028E-01  2.2009386040E-01 -4.7162807701E+01  8.8430298079E-01   0
  4.9000000000E-01  7.0000000000E-01  2.8322161642E+01  2.3836856377E+00  6.3318923934E+00 -1.7392846434E+00 -4.2304072732E+00 -2.7219952547E-01  2.4075290270E-01  2.2260911373E-01 -4.7165485799E+01  8.8447216166E-01   0
  4.9500000000E-01  7.0356236397E-01  2.8320511760E+01  2.3839887805E+00  6.3342165846E+00 -1.7392087789E+00 -4.2303839142E+00 -2.7507104809E-01  2.4334003151E-01  2.2512989152E-01 -4.7168164987E+01  8.8464428808E-01   0
  5.0000000000E-01  7.0710678119E-01  2.8318871200E+01  2.3842929717E+00  6.3365439485E+00 -1.7391331925E+00 -4.2303604795E+00 -2.7794470036E-01  2.4593085344E-01  2.2765621722E-01 -4.7170845323E+01  8.8481936559E-01   0
  5.0500000000E-01  7.1063352018E-01  2.8317240007E+01  2.3845982112E+00  6.3388745464E+00 -1.7390578856E+00 -4.2303369692E+00 -2.8082049201E-01  2.4852540400E-01  2.3018811359E-01 -4.7173526857E+01  8.8499739538E-01   0
  5.1000000000E-01  7.1414284285E-01  2.8315618227E+01  2.3849044988E+00  6.3412084359E+00 -1.7389828595E+00 -4.2303133828E+00 -2.8369843273E-01  2.5112371802E-01  2.3272560251E-01 -4.7176209644E+01  8.8517837623E-01   0
  5.1500000000E-01  7.1763500472E-01  2.8314005907E+01  2.3852118339E+00  6.3435456678E+00 -1.7389081158E+00 -4.2302897208E+00 -2.8657853200E-01  2.5372583084E-01  2.3526870703E-01 -4.7178893737E+01  8.8536230911E-01   0
  5.2000000000E-01  7.2111025509E-01  2.8312403098E+01  2.3855202155E+00  6.3458862858E+00 -1.7388336560E+00 -4.2302659837E+00 -2.8946079911E-01  2.5633177666E-01  2.3781744892E-01 -4.7181579186E+01  8.8554919163E-01   0
  5.2500000000E-01  7.2456883731E-01  2.8310809849E+01  2.3858296421E+00  6.3482303266E+00 -1.7387594820E+00 -4.2302421720E+00 -2.9234524315E-01  2.5894158996E-01  2.4037185092E-01 -4.7184266044E+01  8.8573902270E-01   0
  5.3000000000E-01  7.2801098893E-01  2.8309226216E+01  2.3861401117E+00  6.3505778172E+00 -1.7386855957E+00 -4.2302182874E+00 -2.9523187285E-01  2.6155530500E-01  2.4293193556E-01 -4.7186954361E+01  8.8593180160E-01   0
  5.3500000000E-01  7.3143694192E-01  2.8307652276E+01  2.3864514847E+00  6.3529280396E+00 -1.7386119999E+00 -4.2301943314E+00 -2.9812066220E-01  2.6417292386E-01  2.4549769446E-01 -4.7189644156E+01  8.8612752272E-01   0
  5.4000000000E-01  7.3484692283E-01  2.8306088054E+01  2.3867640321E+00  6.3552824801E+00 -1.7385386954E+00 -4.2301703053E+00 -3.0101168815E-01  2.6679454251E-01  2.4806921131E-01 -4.7192335545E+01  8.8632618935E-01   0
  5.4500000000E-01  7.3824115301E-01  2.8304533635E+01  2.3870776118E+00  6.3576403936E+00 -1.7384656854E+00 -4.2301462118E+00 -3.0390492391E-01  2.6942016300E-01  2.5064647856E-01 -4.7195028550E+01  8.8652779801E-01   0
  5.5000000000E-01  7.4161984871E-01  2.8302989089E+01  2.3873922188E+00  6.3600017683E+00 -1.7383929727E+00 -4.2301220531E+00 -3.0680037674E-01  2.7204981674E-01  2.5322951693E-01 -4.7197723224E+01  8.8673234247E-01   0
  5.5500000000E-01  7.4498322129E-01  2.8301454486E+01  2.3877078477E+00  6.3623665840E+00 -1.7383205598E+00 -4.2300978320E+00 -3.0969805351E-01  2.7468353524E-01  2.5581834787E-01 -4.7200419625E+01  8.8693981808E-01   0
  5.6000000000E-01  7.4833147735E-01  2.8299929898E+01  2.3880244923E+00  6.3647348113E+00 -1.7382484496E+00 -4.2300735513E+00 -3.1259796064E-01  2.7732135016E-01  2.5841299262E-01 -4.7203117813E+01  8.8715022192E-01   0
  5.6500000000E-01  7.5166481892E-01  2.8298415397E+01  2.3883421462E+00  6.3671064163E+00 -1.7381766449E+00 -4.2300492136E+00 -3.1550010429E-01  2.7996329083E-01  2.6101347003E-01 -4.7205817847E+01  8.8736354450E-01   0
  5.7000000000E-01  7.5498344353E-01  2.8296911053E+01  2.3886608025E+00  6.3694813573E+00 -1.7381051484E+00 -4.2300248223E+00 -3.1840449016E-01  2.8260938747E-01  2.6361979933E-01 -4.7208519789E+01  8.8757978045E-01   0
  5.7500000000E-01  7.5828754441E-01  2.8295416934E+01  2.3889804538E+00  6.3718595880E+00 -1.7380339628E+00 -4.2300003805E+00 -3.2131112364E-01  2.8525966858E-01  2.6623199786E-01 -4.7211223697E+01  8.8779892008E-01   0
  5.8000000000E-01  7.6157731059E-01  2.8293933110E+01  2.3893010922E+00  6.3742410570E+00 -1.7379630910E+00 -4.2299758913E+00 -3.2422000977E-01  2.8791416298E-01  2.6885008266E-01 -4.7213929631E+01  8.8802095584E-01   0
  5.8500000000E-01  7.6485292704E-01  2.8292459647E+01  2.3896227094E+00  6.3766257056E+00 -1.7378925355E+00 -4.2299513584E+00 -3.2713115315E-01  2.9057289888E-01  2.7147407020E-01 -4.7216637646E+01  8.8824587962E-01   0
  5.9000000000E-01  7.6811457479E-01  2.8290996615E+01  2.3899452961E+00  6.3790134672E+00 -1.7378222995E+00 -4.2299267858E+00 -3.3004455787E-01  2.9323590297E-01  2.7410397470E-01 -4.7219347796E+01  8.8847368023E-01   0
  5.9500000000E-01  7.7136243103E-01  2.8289544104E+01  2.3902687188E+00  6.3814036009E+00 -1.7377523864E+00 -4.2299021774E+00 -3.3296019285E-01  2.9590316968E-01  2.7673977872E-01 -4.7222060105E+01  8.8870434376E-01   0
  6.0000000000E-01  7.7459666924E-01  2.8288102152E+01  2.3905932145E+00  6.3837973631E+00 -1.7376827980E+00 -4.2298775373E+00 -3.3587813062E-01  2.9857478828E-01  2.7938155819E-01 -4.7224774692E+01  8.8893786486E-01   0
  6.0500000000E-01  7.7781745931E-01  2.8286670854E+01  2.3909186469E+00  6.3861939878E+00 -1.7376135382E+00 -4.2298528706E+00 -3.3879833892E-01  3.0125075202E-01  2.8202929458E-01 -4.7227491582E+01  8.8917422966E-01   0
  6.1000000000E-01  7.8102496759E-01  2.8285250289E+01  2.3912450033E+00  6.3885933769E+00 -1.7375446102E+00 -4.2298281811E+00 -3.4172081983E-01  3.0393108393E-01  2.8468299799E-01 -4.7230210842E+01  8.8941342257E-01   0
  6.1500000000E-01  7.8421935707E-01  2.8283840536E+01  2.3915722700E+00  6.3909954213E+00 -1.7374760177E+00 -4.2298034749E+00 -3.4464557470E-01  3.0661580759E-01  2.8734267941E-01 -4.7232932538E+01  8.8965543182E-01   0
  6.2000000000E-01  7.8740078740E-01  2.8282441676E+01  2.3919004329E+00  6.3934000115E+00 -1.7374077639E+00 -4.2297787559E+00 -3.4757260468E-01  3.0930494466E-01  2.9000834704E-01 -4.7235656740E+01  8.8990024097E-01   0
  6.2500000000E-01  7.9056941504E-01  2.8281053788E+01  2.3922294772E+00  6.3958070339E+00 -1.7373398522E+00 -4.2297540294E+00 -3.5050191045E-01  3.1199851674E-01  2.9268000866E-01 -4.7238383522E+01  8.9014783497E-01   0
  6.3000000000E-01  7.9372539332E-01  2.8279676948E+01  2.3925593874E+00  6.3982163715E+00 -1.7372722860E+00 -4.2297293007E+00 -3.5343349229E-01  3.1469654508E-01  2.9535767073E-01 -4.7241112955E+01  8.9039819921E-01   0
  6.3500000000E-01  7.9686887253E-01  2.8278311231E+01  2.3928901477E+00  6.4006279095E+00 -1.7372050683E+00 -4.2297045744E+00 -3.5636735033E-01  3.1739904859E-01  2.9804133659E-01 -4.7243845106E+01  8.9065131329E-01   0
  6.4000000000E-01  8.0000000000E-01  2.8276956711E+01  2.3932217413E+00  6.4030415257E+00 -1.7371382026E+00 -4.2296798565E+00 -3.5930348407E-01  3.2010604792E-01  3.0073101055E-01 -4.7246580036E+01  8.9090716377E-01   0
  6.4500000000E-01  8.0311892021E-01  2.8275613464E+01  2.3935541506E+00  6.4054570975E+00 -1.7370716921E+00 -4.2296551520E+00 -3.6224189276E-01  3.2281756108E-01  3.0342669400E-01 -4.7249317801E+01  8.9116573078E-01   0
  6.5000000000E-01  8.0622577483E-01  2.8274281563E+01  2.3938873575E+00  6.4078744929E+00 -1.7370055402E+00 -4.2296304670E+00 -3.6518257493E-01  3.2553360746E-01  3.0612838927E-01 -4.7252058458E+01  8.9142700066E-01   0
  6.5500000000E-01  8.0932070281E-01  2.8272961091E+01  2.3942213422E+00  6.4102935724E+00 -1.7369397505E+00 -4.2296058076E+00 -3.6812552852E-01  3.2825420482E-01  3.0883609732E-01 -4.7254802056E+01  8.9169095699E-01   0
  6.6000000000E-01  8.1240384046E-01  2.8271652143E+01  2.3945559723E+00  6.4127135804E+00 -1.7368743274E+00 -4.2295811799E+00 -3.7107071572E-01  3.3097933824E-01  3.1154978647E-01 -4.7257548615E+01  8.9195758172E-01   0
  6.6500000000E-01  8.1547532152E-01  2.8270354774E+01  2.3948914513E+00  6.4151355797E+00 -1.7368092731E+00 -4.2295565902E+00 -3.7401820332E-01  3.3370909003E-01  3.1426952225E-01 -4.7260298261E+01  8.9222686777E-01   0
  6.7000000000E-01  8.1853527719E-01  2.8269069087E+01  2.3952276438E+00  6.4175587968E+00 -1.7367445922E+00 -4.2295320444E+00 -3.7696795232E-01  3.3644344317E-01  3.1699527074E-01 -4.7263051023E+01  8.9249879494E-01   0
  6.7500000000E-01  8.2158383626E-01  2.8267795170E+01  2.3955645266E+00  6.4199830626E+00 -1.7366802889E+00 -4.2295075499E+00 -3.7991995814E-01  3.3918241350E-01  3.1972703084E-01 -4.7265806969E+01  8.9277334929E-01   0
  6.8000000000E-01  8.2462112512E-01  2.8266533113E+01  2.3959020758E+00  6.4224082087E+00 -1.7366163668E+00 -4.2294831125E+00 -3.8287421601E-01  3.4192601292E-01  3.2246479598E-01 -4.7268566165E+01  8.9305050752E-01   0
  6.8500000000E-01  8.2764726786E-01  2.8265283002E+01  2.3962402668E+00  6.4248340653E+00 -1.7365528301E+00 -4.2294587390E+00 -3.8583072065E-01  3.4467425309E-01  3.2520855838E-01 -4.7271328681E+01  8.9333024730E-01   0
  6.9000000000E-01  8.3066238629E-01  2.8264044926E+01  2.3965790745E+00  6.4272604624E+00 -1.7364896825E+00 -4.2294344363E+00 -3.8878946653E-01  3.4742714364E-01  3.2795830670E-01 -4.7274094578E+01  8.9361254239E-01   0
  6.9500000000E-01  8.3366660003E-01  2.8262818972E+01  2.3969184730E+00  6.4296872304E+00 -1.7364269281E+00 -4.2294102114E+00 -3.9175044780E-01  3.5018469147E-01  3.3071402569E-01 -4.7276863913E+01  8.9389736103E-01   0
  7.0000000000E-01  8.3666002653E-01  2.8261605229E+01  2.3972584352E+00  6.4321141952E+00 -1.7363645711E+00 -4.2293860718E+00 -3.9471365806E-01  3.5294690332E-01  3.3347569884E-01 -4.7279636745E+01  8.9418467316E-01   0
  7.0500000000E-01  8.3964278119E-01  2.8260403787E+01  2.3975989335E+00  6.4345411800E+00 -1.7363026154E+00 -4.2293620247E+00 -3.9767909044E-01  3.5571378598E-01  3.3624330983E-01 -4.7282413135E+01  8.9447445070E-01   0
  7.1000000000E-01  8.4261497732E-01  2.8259214741E+01  2.3979399388E+00  6.4369679943E+00 -1.7362410656E+00 -4.2293380790E+00 -4.0064673709E-01  3.5848534693E-01  3.3901684312E-01 -4.7285193146E+01  8.9476667035E-01   0
  7.1500000000E-01  8.4557672626E-01  2.8258038187E+01  2.3982814210E+00  6.4393944446E+00 -1.7361799261E+00 -4.2293142422E+00 -4.0361658974E-01  3.6126159216E-01  3.4179628307E-01 -4.7287976847E+01  8.9506130656E-01   0
  7.2000000000E-01  8.4852813742E-01  2.8256874238E+01  2.3986232459E+00  6.4418197667E+00 -1.7361192021E+00 -4.2292905225E+00 -4.0658860394E-01  3.6404249742E-01  3.4458158519E-01 -4.7290764282E+01  8.9535833984E-01   0
  7.2500000000E-01  8.5146931830E-01  2.8255722966E+01  2.3989655889E+00  6.4442448789E+00 -1.7360588967E+00 -4.2292669278E+00 -4.0956284095E-01  3.6682813742E-01  3.4737280643E-01 -4.7293555590E+01  8.9565776175E-01   0
  7.3000000000E-01  8.5440037453E-01  2.8254584486E+01  2.3993083138E+00  6.4466690153E+00 -1.7359990149E+00 -4.2292434637E+00 -4.1253925608E-01  3.6961848462E-01  3.5016990215E-01 -4.7296350801E+01  8.9595954609E-01   0
  7.3500000000E-01  8.5732140997E-01  2.8253458893E+01  2.3996513882E+00  6.4490919781E+00 -1.7359395609E+00 -4.2292201379E+00 -4.1551783986E-01  3.7241354687E-01  3.5297286503E-01 -4.7299149974E+01  8.9626367666E-01   0
  7.4000000000E-01  8.6023252670E-01  2.8252346286E+01  2.3999947791E+00  6.4515135884E+00 -1.7358805389E+00 -4.2291969561E+00 -4.1849858382E-01  3.7521332731E-01  3.5578168250E-01 -4.7301953145E+01  8.9657012428E-01   0
  7.4500000000E-01  8.6313382508E-01  2.8251246756E+01  2.4003384541E+00  6.4539337001E+00 -1.7358219525E+00 -4.2291739227E+00 -4.2148148094E-01  3.7801782455E-01  3.5859633546E-01 -4.7304760327E+01  8.9687884675E-01   0
  7.5000000000E-01  8.6602540378E-01  2.8250160392E+01  2.4006823807E+00  6.4563521869E+00 -1.7357638059E+00 -4.2291510459E+00 -4.2446652497E-01  3.8082703977E-01  3.6141680516E-01 -4.7307571560E+01  8.9718980735E-01   0
  7.5500000000E-01  8.6890735985E-01  2.8249087289E+01  2.4010265255E+00  6.4587689596E+00 -1.7357061031E+00 -4.2291283324E+00 -4.2745371158E-01  3.8364097205E-01  3.6424306836E-01 -4.7310386875E+01  8.9750296153E-01   0
  7.6000000000E-01  8.7177978871E-01  2.8248027537E+01  2.4013708549E+00  6.4611839606E+00 -1.7356488487E+00 -4.2291057911E+00 -4.3044303781E-01  3.8645961764E-01  3.6707509338E-01 -4.7313206304E+01  8.9781825630E-01   0
  7.6500000000E-01  8.7464278423E-01  2.8246981231E+01  2.4017153347E+00  6.4635971545E+00 -1.7355920472E+00 -4.2290834325E+00 -4.3343450164E-01  3.8928297112E-01  3.6991284300E-01 -4.7316029936E+01  8.9813563443E-01   0
  7.7000000000E-01  8.7749643874E-01  2.8245948462E+01  2.4020599298E+00  6.4660085201E+00 -1.7355357036E+00 -4.2290612682E+00 -4.3642810155E-01  3.9211103430E-01  3.7275628597E-01 -4.7318857910E+01  8.9845505573E-01   0
  7.7500000000E-01  8.8034084308E-01  2.8244929325E+01  2.4024046039E+00  6.4684180368E+00 -1.7354798231E+00 -4.2290393111E+00 -4.3942383594E-01  3.9494380843E-01  3.7560539036E-01 -4.7321690346E+01  8.9877647986E-01   0
  7.8000000000E-01  8.8317608663E-01  2.8243923914E+01  2.4027493202E+00  6.4708256796E+00 -1.7354244105E+00 -4.2290175727E+00 -4.4242170299E-01  3.9778129432E-01  3.7846012646E-01 -4.7324527387E+01  8.9909986700E-01   0
  7.8500000000E-01  8.8600225733E-01  2.8242932325E+01  2.4030939466E+00  6.4732308933E+00 -1.7353694708E+00 -4.2289960626E+00 -4.4542166472E-01  4.0062346148E-01  3.8132044012E-01 -4.7327369142E+01  8.9942518115E-01   0
  7.9000000000E-01  8.8881944173E-01  2.8241954620E+01  2.4034386371E+00  6.4756346708E+00 -1.7353150068E+00 -4.2289747897E+00 -4.4842379008E-01  4.0347038907E-01  3.8418639772E-01 -4.7330215759E+01  8.9975241724E-01   0
  7.9500000000E-01  8.9162772501E-01  2.8240990899E+01  2.4037832588E+00  6.4780364449E+00 -1.7352610224E+00 -4.2289537566E+00 -4.5142804187E-01  4.0632204864E-01  3.8705796554E-01 -4.7333067254E+01  9.0008154337E-01   0
  8.0000000000E-01  8.9442719100E-01  2.8240041235E+01  2.4041277768E+00  6.4804361750E+00 -1.7352075197E+00 -4.2289329639E+00 -4.5443441914E-01  4.0917844138E-01  3.8993514413E-01 -4.7335923664E+01  9.0041252193E-01   0
  8.0500000000E-01  8.9721792225E-01  2.8239105703E+01  2.4044721560E+00  6.4828338175E+00 -1.7351545016E+00 -4.2289124152E+00 -4.5744292121E-01  4.1203957780E-01  3.9281795093E-01 -4.7338785008E+01  9.0074533606E-01   0
  8.1000000000E-01  9.0000000000E-01  2.8238184388E+01  2.4048163622E+00  6.4852293613E+00 -1.7351019706E+00 -4.2288921097E+00 -4.6045355003E-01  4.1490545935E-01  3.9570639663E-01 -4.7341651283E+01  9.0107994459E-01   0
  8.1500000000E-01  9.0277350426E-01  2.8237277378E+01  2.4051603618E+00  6.4876228301E+00 -1.7350499294E+00 -4.2288720483E+00 -4.6346630971E-01  4.1777608359E-01  3.9860048363E-01 -4.7344522493E+01  9.0141629464E-01   0
  8.2000000000E-01  9.0553851381E-01  2.8236384760E+01  2.4055041221E+00  6.4900142868E+00 -1.7349983816E+00 -4.2288522361E+00 -4.6648120658E-01  4.2065144813E-01  4.0150020974E-01 -4.7347398700E+01  9.0175433049E-01   0
  8.2500000000E-01  9.0829510623E-01  2.8235506630E+01  2.4058476102E+00  6.4924038524E+00 -1.7349473317E+00 -4.2288326822E+00 -4.6949825060E-01  4.2353155040E-01  4.0440556903E-01 -4.7350279972E+01  9.0209399046E-01   0
  8.3000000000E-01  9.1104335791E-01  2.8234643095E+01  2.4061907932E+00  6.4947917400E+00 -1.7348967843E+00 -4.2288133928E+00 -4.7251745727E-01  4.2641638258E-01  4.0731654057E-01 -4.7353166387E+01  9.0243519263E-01   0
  8.3500000000E-01  9.1378334412E-01  2.8233794258E+01  2.4065336387E+00  6.4971782041E+00 -1.7348467449E+00 -4.2287943821E+00 -4.7553884403E-01  4.2930595024E-01  4.1023310697E-01 -4.7356058177E+01  9.0277788161E-01   0
  8.4000000000E-01  9.1651513899E-01  2.8232960242E+01  2.4068761122E+00  6.4995635222E+00 -1.7347972211E+00 -4.2287756715E+00 -4.7856242945E-01  4.3220026882E-01  4.1315525363E-01 -4.7358955541E+01  9.0312202177E-01   0
  8.4500000000E-01  9.1923881554E-01  2.8232141184E+01  2.4072180897E+00  6.5019475118E+00 -1.7347482203E+00 -4.2287572767E+00 -4.8158819797E-01  4.3509931349E-01  4.1608291955E-01 -4.7361858604E+01  9.0346755866E-01   0
  8.5000000000E-01  9.2195444573E-01  2.8231337164E+01  2.4075597163E+00  6.5043314099E+00 -1.7346997478E+00 -4.2287392187E+00 -4.8461623980E-01  4.3800317024E-01  4.1901616055E-01 -4.7364767577E+01  9.0381447063E-01   0
  8.5500000000E-01  9.2466210045E-01  2.8230548274E+01  2.4079008714E+00  6.5067149792E+00 -1.7346518092E+00 -4.2287215112E+00 -4.8764653861E-01  4.4091181289E-01  4.2195494498E-01 -4.7367682382E+01  9.0416270388E-01   0
  8.6000000000E-01  9.2736184955E-01  2.8229774566E+01  2.4082415286E+00  6.5090984982E+00 -1.7346044043E+00 -4.2287041463E+00 -4.9067911851E-01  4.4382524801E-01  4.2489929916E-01 -4.7370602928E+01  9.0451219802E-01   0
  8.6500000000E-01  9.3005376189E-01  2.8229016066E+01  2.4085816663E+00  6.5114821901E+00 -1.7345575323E+00 -4.2286871169E+00 -4.9371400172E-01  4.4674347962E-01  4.2784926479E-01 -4.7373529157E+01  9.0486289241E-01   0
  8.7000000000E-01  9.3273790531E-01  2.8228272814E+01  2.4089212635E+00  6.5138662398E+00 -1.7345111927E+00 -4.2286704146E+00 -4.9675121006E-01  4.4966652529E-01  4.3080492229E-01 -4.7376461203E+01  9.0521475576E-01   0
  8.7500000000E-01  9.3541434669E-01  2.8227544893E+01  2.4092602993E+00  6.5162508042E+00 -1.7344653855E+00 -4.2286540267E+00 -4.9979076516E-01  4.5259442998E-01  4.3376639166E-01 -4.7379399366E+01  9.0556781262E-01   0
  8.8000000000E-01  9.3808315196E-01  2.8226832407E+01  2.4095987528E+00  6.5186359821E+00 -1.7344201139E+00 -4.2286379520E+00 -5.0283268512E-01  4.5552722975E-01  4.3673377818E-01 -4.7382343907E+01  9.0592207552E-01   0
  8.8500000000E-01  9.4074438611E-01  2.8226135453E+01  2.4099366061E+00  6.5210219218E+00 -1.7343753803E+00 -4.2286221893E+00 -5.0587699202E-01  4.5846497632E-01  4.3970721813E-01 -4.7385295140E+01  9.0627758043E-01   0
  8.9000000000E-01  9.4339811321E-01  2.8225454109E+01  2.4102738464E+00  6.5234089111E+00 -1.7343311852E+00 -4.2286067266E+00 -5.0892371759E-01  4.6140771504E-01  4.4268684410E-01 -4.7388253144E+01  9.0663433261E-01   0
  8.9500000000E-01  9.4604439642E-01  2.8224788488E+01  2.4106104621E+00  6.5257973537E+00 -1.7342875312E+00 -4.2285915597E+00 -5.1197290032E-01  4.6435545648E-01  4.4567272104E-01 -4.7391217841E+01  9.0699225719E-01   0
  9.0000000000E-01  9.4868329805E-01  2.8224138742E+01  2.4109464385E+00  6.5281877247E+00 -1.7342444247E+00 -4.2285766995E+00 -5.1502458175E-01  4.6730824382E-01  4.4866492563E-01 -4.7394189460E+01  9.0735133892E-01   0
  9.0500000000E-01  9.5131487952E-01  2.8223505043E+01  2.4112817595E+00  6.5305805982E+00 -1.7342018733E+00 -4.2285621584E+00 -5.1807880995E-01  4.7026608596E-01  4.5166349437E-01 -4.7397168263E+01  9.0771148507E-01   0
  9.1000000000E-01  9.5393920142E-01  2.8222887531E+01  2.4116163304E+00  6.5329762136E+00 -1.7341598830E+00 -4.2285479456E+00 -5.2113560752E-01  4.7322894156E-01  4.5466844629E-01 -4.7400154658E+01  9.0807255297E-01   0
  9.1500000000E-01  9.5655632349E-01  2.8222286216E+01  2.4119503184E+00  6.5353764972E+00 -1.7341184525E+00 -4.2285340550E+00 -5.2419513359E-01  4.7619691589E-01  4.5768003531E-01 -4.7403149029E+01  9.0843444621E-01   0
  9.2000000000E-01  9.5916630466E-01  2.8221701050E+01  2.4122836592E+00  6.5377826189E+00 -1.7340775754E+00 -4.2285204563E+00 -5.2725748562E-01  4.7916998313E-01  4.6069842381E-01 -4.7406151166E+01  9.0879692788E-01   0
  9.2500000000E-01  9.6176920308E-01  2.8221132105E+01  2.4126163735E+00  6.5401967755E+00 -1.7340372538E+00 -4.2285071487E+00 -5.3032283820E-01  4.8214822529E-01  4.6372383244E-01 -4.7409160612E+01  9.0915983729E-01   0
  9.3000000000E-01  9.6436507610E-01  2.8220579651E+01  2.4129484731E+00  6.5426215957E+00 -1.7339975048E+00 -4.2284941792E+00 -5.3339139910E-01  4.8513179077E-01  4.6675648793E-01 -4.7412177239E+01  9.0952308491E-01   0
  9.3500000000E-01  9.6695398029E-01  2.8220043890E+01  2.4132799837E+00  6.5450602392E+00 -1.7339583447E+00 -4.2284816044E+00 -5.3646342664E-01  4.8812080358E-01  4.6979669130E-01 -4.7415201042E+01  9.0988645141E-01   0
  9.4000000000E-01  9.6953597148E-01  2.8219524764E+01  2.4136109731E+00  6.5475168379E+00 -1.7339197677E+00 -4.2284694022E+00 -5.3953927370E-01  4.9111536280E-01  4.7284500066E-01 -4.7418232229E+01  9.1024951609E-01   0
  9.4500000000E-01  9.7211110476E-01  2.8219022206E+01  2.4139415456E+00  6.5499965390E+00 -1.7338817611E+00 -4.2284575112E+00 -5.4261938684E-01  4.9411556071E-01  4.7590213407E-01 -4.7421271455E+01  9.1061169706E-01   0
  9.5000000000E-01  9.7467943448E-01  2.8218536719E+01  2.4142717895E+00  6.5525052096E+00 -1.7338443491E+00 -4.2284459681E+00 -5.4570427238E-01  4.9712163573E-01  4.7896883232E-01 -4.7424319324E+01  9.1097259247E-01   0
  9.5500000000E-01  9.7724101428E-01  2.8218069475E+01  2.4146017597E+00  6.5550492808E+00 -1.7338075979E+00 -4.2284349240E+00 -5.4879451038E-01  5.0013395699E-01  4.8204598902E-01 -4.7427376793E+01  9.1133192394E-01   0
  9.6000000000E-01  9.7979589711E-01  2.8217621248E+01  2.4149315743E+00  6.5576368346E+00 -1.7337715341E+00 -4.2284243893E+00 -5.5189092848E-01  5.0315302269E-01  4.8513586454E-01 -4.7430445200E+01  9.1168924280E-01   0
  9.6500000000E-01  9.8234413522E-01  2.8217190074E+01  2.4152616884E+00  6.5602815619E+00 -1.7337359758E+00 -4.2284137109E+00 -5.5499493638E-01  5.0617943835E-01  4.8824291857E-01 -4.7433525533E+01  9.1204334521E-01   0
  9.7000000000E-01  9.8488578018E-01  2.8216773942E+01  2.4155926665E+00  6.5630051740E+00 -1.7337007623E+00 -4.2284023032E+00 -5.5810858000E-01  5.0921375893E-01  4.9137163093E-01 -4.7436617189E+01  9.1239192009E-01   0
  9.7500000000E-01  9.8742088291E-01  2.8216376664E+01  2.4159249138E+00  6.5658386422E+00 -1.7336661186E+00 -4.2283906790E+00 -5.6123451030E-01  5.1225638127E-01  4.9452356464E-01 -4.7439718186E+01  9.1273143734E-01   0
  9.8000000000E-01  9.8994949366E-01  2.8216002577E+01  2.4162585002E+00  6.5688280099E+00 -1.7336323511E+00 -4.2283797924E+00 -5.6437657828E-01  5.1530908997E-01  4.9770240416E-01 -4.7442839735E+01  9.1305895710E-01   0
  9.8500000000E-01  9.9247166206E-01  2.8215654766E+01  2.4165938245E+00  6.5720466836E+00 -1.7335997140E+00 -4.2283704073E+00 -5.6754148265E-01  5.1837333242E-01  5.0091660089E-01 -4.7445987704E+01  9.1336642038E-01   0
  9.9000000000E-01  9.9498743711E-01  2.8215335281E+01  2.4169318229E+00  6.5755864813E+00 -1.7335680754E+00 -4.2283612104E+00 -5.7073916211E-01  5.2145095272E-01  5.0418534955E-01 -4.7449135652E+01  9.1364144488E-01   0
  9.9500000000E-01  9.9749686716E-01  2.8215023517E+01  2.4172757974E+00  6.5795574743E+00 -1.7335355630E+00 -4.2283457284E+00 -5.7398275152E-01  5.2455482797E-01  5.0755712585E-01 -4.7452277154E+01  9.1388604725E-01   0
  1.0000000000E+00  1.0000000000E+00  2.8214705549E+01  2.4176300909E+00  6.5839671991E+00 -1.7335013587E+00 -4.2283222823E+00 -5.7727255377E-01  5.2764292750E-01  5.1097182601E-01 -4.7455289859E+01  9.1402739322E-01   0
 -----Metric TEST test-----
           s       Vp_VMEC      Vp_MCONF      %  <|s|>_VMEC   <|s|>_MCONF      %<|s|^2>_VMEC  <|s|^2>_MCON      %
 Volume_vmec:   28.3430961746242     
 Volume_calc:  0.000000000000000E+000     100.000000000000      %
 -----Susceptance TEST test-----
           s      S11_VMEC     S11_MCONF      %    S12_VMEC     S12_MCONF      %    S21_VMEC     s21_MCONF      %    S22_VMEC     s22_MCONF      %
    0.00E+00      1.94E-06      1.94E-06    0.0   -2.90E-04     -2.90E-04    0.0   -2.72E-04     -2.72E-04    0.0   -4.69E+01     -4.69E+01    0.0
    5.00E-03     -2.69E-03     -2.69E-03    0.0    1.99E-03      1.99E-03    0.0    1.72E-03      1.72E-03    0.0   -4.69E+01     -4.69E+01    0.0
    1.00E-02     -5.39E-03     -5.39E-03    0.0    4.28E-03      4.28E-03    0.0    3.71E-03      3.71E-03    0.0   -4.69E+01     -4.69E+01    0.0
    1.50E-02     -8.09E-03     -8.09E-03    0.0    6.60E-03      6.60E-03    0.0    5.74E-03      5.74E-03    0.0   -4.69E+01     -4.69E+01    0.0
    2.00E-02     -1.08E-02     -1.08E-02    0.0    8.94E-03      8.94E-03    0.0    7.79E-03      7.79E-03    0.0   -4.69E+01     -4.69E+01    0.0
    2.50E-02     -1.35E-02     -1.35E-02    0.0    1.13E-02      1.13E-02    0.0    9.85E-03      9.85E-03    0.0   -4.69E+01     -4.69E+01    0.0
    3.00E-02     -1.62E-02     -1.62E-02    0.0    1.37E-02      1.37E-02    0.0    1.19E-02      1.19E-02    0.0   -4.69E+01     -4.69E+01    0.0
    3.50E-02     -1.89E-02     -1.89E-02    0.0    1.60E-02      1.60E-02    0.0    1.40E-02      1.40E-02    0.0   -4.69E+01     -4.69E+01    0.0
    4.00E-02     -2.16E-02     -2.16E-02    0.0    1.84E-02      1.84E-02    0.0    1.61E-02      1.61E-02    0.0   -4.69E+01     -4.69E+01    0.0
    4.50E-02     -2.43E-02     -2.43E-02    0.0    2.08E-02      2.08E-02    0.0    1.81E-02      1.81E-02    0.0   -4.69E+01     -4.69E+01    0.0
    5.00E-02     -2.70E-02     -2.70E-02    0.0    2.32E-02      2.32E-02    0.0    2.02E-02      2.02E-02    0.0   -4.69E+01     -4.69E+01    0.0
    5.50E-02     -2.97E-02     -2.97E-02    0.0    2.56E-02      2.56E-02    0.0    2.23E-02      2.23E-02    0.0   -4.69E+01     -4.69E+01    0.0
    6.00E-02     -3.24E-02     -3.24E-02    0.0    2.80E-02      2.80E-02    0.0    2.44E-02      2.44E-02    0.0   -4.69E+01     -4.69E+01    0.0
    6.50E-02     -3.51E-02     -3.51E-02    0.0    3.04E-02      3.04E-02    0.0    2.66E-02      2.66E-02    0.0   -4.69E+01     -4.69E+01    0.0
    7.00E-02     -3.79E-02     -3.79E-02    0.0    3.28E-02      3.28E-02    0.0    2.87E-02      2.87E-02    0.0   -4.69E+01     -4.69E+01    0.0
    7.50E-02     -4.06E-02     -4.06E-02    0.0    3.52E-02      3.52E-02    0.0    3.08E-02      3.08E-02    0.0   -4.69E+01     -4.69E+01    0.0
    8.00E-02     -4.33E-02     -4.33E-02    0.0    3.76E-02      3.76E-02    0.0    3.29E-02      3.29E-02    0.0   -4.69E+01     -4.69E+01    0.0
    8.50E-02     -4.60E-02     -4.60E-02    0.0    4.00E-02      4.00E-02    0.0    3.51E-02      3.51E-02    0.0   -4.69E+01     -4.69E+01    0.0
    9.00E-02     -4.87E-02     -4.87E-02    0.0    4.24E-02      4.24E-02    0.0    3.72E-02      3.72E-02    0.0   -4.70E+01     -4.70E+01    0.0
    9.50E-02     -5.14E-02     -5.14E-02    0.0    4.48E-02      4.48E-02    0.0    3.93E-02      3.93E-02    0.0   -4.70E+01     -4.70E+01    0.0
    1.00E-01     -5.42E-02     -5.42E-02    0.0    4.72E-02      4.72E-02    0.0    4.15E-02      4.15E-02    0.0   -4.70E+01     -4.70E+01    0.0
    1.05E-01     -5.69E-02     -5.69E-02    0.0    4.96E-02      4.96E-02    0.0    4.36E-02      4.36E-02    0.0   -4.70E+01     -4.70E+01    0.0
    1.10E-01     -5.96E-02     -5.96E-02    0.0    5.20E-02      5.20E-02    0.0    4.58E-02      4.58E-02    0.0   -4.70E+01     -4.70E+01    0.0
    1.15E-01     -6.24E-02     -6.24E-02    0.0    5.45E-02      5.45E-02    0.0    4.79E-02      4.79E-02    0.0   -4.70E+01     -4.70E+01    0.0
    1.20E-01     -6.51E-02     -6.51E-02    0.0    5.69E-02      5.69E-02    0.0    5.01E-02      5.01E-02    0.0   -4.70E+01     -4.70E+01    0.0
    1.25E-01     -6.78E-02     -6.78E-02    0.0    5.93E-02      5.93E-02    0.0    5.23E-02      5.23E-02    0.0   -4.70E+01     -4.70E+01    0.0
    1.30E-01     -7.06E-02     -7.06E-02    0.0    6.17E-02      6.17E-02    0.0    5.44E-02      5.44E-02    0.0   -4.70E+01     -4.70E+01    0.0
    1.35E-01     -7.33E-02     -7.33E-02    0.0    6.41E-02      6.41E-02    0.0    5.66E-02      5.66E-02    0.0   -4.70E+01     -4.70E+01    0.0
    1.40E-01     -7.60E-02     -7.60E-02    0.0    6.66E-02      6.66E-02    0.0    5.88E-02      5.88E-02    0.0   -4.70E+01     -4.70E+01    0.0
    1.45E-01     -7.88E-02     -7.88E-02    0.0    6.90E-02      6.90E-02    0.0    6.10E-02      6.10E-02    0.0   -4.70E+01     -4.70E+01    0.0
    1.50E-01     -8.15E-02     -8.15E-02    0.0    7.14E-02      7.14E-02    0.0    6.32E-02      6.32E-02    0.0   -4.70E+01     -4.70E+01    0.0
    1.55E-01     -8.42E-02     -8.42E-02    0.0    7.38E-02      7.38E-02    0.0    6.54E-02      6.54E-02    0.0   -4.70E+01     -4.70E+01    0.0
    1.60E-01     -8.70E-02     -8.70E-02    0.0    7.63E-02      7.63E-02    0.0    6.75E-02      6.75E-02    0.0   -4.70E+01     -4.70E+01    0.0
    1.65E-01     -8.97E-02     -8.97E-02    0.0    7.87E-02      7.87E-02    0.0    6.97E-02      6.97E-02    0.0   -4.70E+01     -4.70E+01    0.0
    1.70E-01     -9.25E-02     -9.25E-02    0.0    8.11E-02      8.11E-02    0.0    7.19E-02      7.19E-02    0.0   -4.70E+01     -4.70E+01    0.0
    1.75E-01     -9.52E-02     -9.52E-02    0.0    8.35E-02      8.35E-02    0.0    7.41E-02      7.41E-02    0.0   -4.70E+01     -4.70E+01    0.0
    1.80E-01     -9.80E-02     -9.80E-02    0.0    8.60E-02      8.60E-02    0.0    7.64E-02      7.64E-02    0.0   -4.70E+01     -4.70E+01    0.0
    1.85E-01     -1.01E-01     -1.01E-01    0.0    8.84E-02      8.84E-02    0.0    7.86E-02      7.86E-02    0.0   -4.70E+01     -4.70E+01    0.0
    1.90E-01     -1.03E-01     -1.03E-01    0.0    9.08E-02      9.08E-02    0.0    8.08E-02      8.08E-02    0.0   -4.70E+01     -4.70E+01    0.0
    1.95E-01     -1.06E-01     -1.06E-01    0.0    9.33E-02      9.33E-02    0.0    8.30E-02      8.30E-02    0.0   -4.70E+01     -4.70E+01    0.0
    2.00E-01     -1.09E-01     -1.09E-01    0.0    9.57E-02      9.57E-02    0.0    8.52E-02      8.52E-02    0.0   -4.70E+01     -4.70E+01    0.0
    2.05E-01     -1.12E-01     -1.12E-01    0.0    9.81E-02      9.81E-02    0.0    8.75E-02      8.75E-02    0.0   -4.70E+01     -4.70E+01    0.0
    2.10E-01     -1.15E-01     -1.15E-01    0.0    1.01E-01      1.01E-01    0.0    8.97E-02      8.97E-02    0.0   -4.70E+01     -4.70E+01    0.0
    2.15E-01     -1.17E-01     -1.17E-01    0.0    1.03E-01      1.03E-01    0.0    9.19E-02      9.19E-02    0.0   -4.70E+01     -4.70E+01    0.0
    2.20E-01     -1.20E-01     -1.20E-01    0.0    1.05E-01      1.05E-01    0.0    9.42E-02      9.42E-02    0.0   -4.70E+01     -4.70E+01    0.0
    2.25E-01     -1.23E-01     -1.23E-01    0.0    1.08E-01      1.08E-01    0.0    9.64E-02      9.64E-02    0.0   -4.70E+01     -4.70E+01    0.0
    2.30E-01     -1.26E-01     -1.26E-01    0.0    1.10E-01      1.10E-01    0.0    9.87E-02      9.87E-02    0.0   -4.70E+01     -4.70E+01    0.0
    2.35E-01     -1.28E-01     -1.28E-01    0.0    1.13E-01      1.13E-01    0.0    1.01E-01      1.01E-01    0.0   -4.70E+01     -4.70E+01    0.0
    2.40E-01     -1.31E-01     -1.31E-01    0.0    1.15E-01      1.15E-01    0.0    1.03E-01      1.03E-01    0.0   -4.70E+01     -4.70E+01    0.0
    2.45E-01     -1.34E-01     -1.34E-01    0.0    1.18E-01      1.18E-01    0.0    1.05E-01      1.05E-01    0.0   -4.70E+01     -4.70E+01    0.0
    2.50E-01     -1.37E-01     -1.37E-01    0.0    1.20E-01      1.20E-01    0.0    1.08E-01      1.08E-01    0.0   -4.70E+01     -4.70E+01    0.0
    2.55E-01     -1.39E-01     -1.39E-01    0.0    1.23E-01      1.23E-01    0.0    1.10E-01      1.10E-01    0.0   -4.70E+01     -4.70E+01    0.0
    2.60E-01     -1.42E-01     -1.42E-01    0.0    1.25E-01      1.25E-01    0.0    1.12E-01      1.12E-01    0.0   -4.70E+01     -4.70E+01    0.0
    2.65E-01     -1.45E-01     -1.45E-01    0.0    1.28E-01      1.28E-01    0.0    1.15E-01      1.15E-01    0.0   -4.70E+01     -4.70E+01    0.0
    2.70E-01     -1.48E-01     -1.48E-01    0.0    1.30E-01      1.30E-01    0.0    1.17E-01      1.17E-01    0.0   -4.70E+01     -4.70E+01    0.0
    2.75E-01     -1.51E-01     -1.51E-01    0.0    1.32E-01      1.32E-01    0.0    1.19E-01      1.19E-01    0.0   -4.71E+01     -4.71E+01    0.0
    2.80E-01     -1.53E-01     -1.53E-01    0.0    1.35E-01      1.35E-01    0.0    1.21E-01      1.21E-01    0.0   -4.71E+01     -4.71E+01    0.0
    2.85E-01     -1.56E-01     -1.56E-01    0.0    1.37E-01      1.37E-01    0.0    1.24E-01      1.24E-01    0.0   -4.71E+01     -4.71E+01    0.0
    2.90E-01     -1.59E-01     -1.59E-01    0.0    1.40E-01      1.40E-01    0.0    1.26E-01      1.26E-01    0.0   -4.71E+01     -4.71E+01    0.0
    2.95E-01     -1.62E-01     -1.62E-01    0.0    1.42E-01      1.42E-01    0.0    1.28E-01      1.28E-01    0.0   -4.71E+01     -4.71E+01    0.0
    3.00E-01     -1.65E-01     -1.65E-01    0.0    1.45E-01      1.45E-01    0.0    1.31E-01      1.31E-01    0.0   -4.71E+01     -4.71E+01    0.0
    3.05E-01     -1.67E-01     -1.67E-01    0.0    1.47E-01      1.47E-01    0.0    1.33E-01      1.33E-01    0.0   -4.71E+01     -4.71E+01    0.0
    3.10E-01     -1.70E-01     -1.70E-01    0.0    1.50E-01      1.50E-01    0.0    1.35E-01      1.35E-01    0.0   -4.71E+01     -4.71E+01    0.0
    3.15E-01     -1.73E-01     -1.73E-01    0.0    1.52E-01      1.52E-01    0.0    1.38E-01      1.38E-01    0.0   -4.71E+01     -4.71E+01    0.0
    3.20E-01     -1.76E-01     -1.76E-01    0.0    1.55E-01      1.55E-01    0.0    1.40E-01      1.40E-01    0.0   -4.71E+01     -4.71E+01    0.0
    3.25E-01     -1.79E-01     -1.79E-01    0.0    1.57E-01      1.57E-01    0.0    1.42E-01      1.42E-01    0.0   -4.71E+01     -4.71E+01    0.0
    3.30E-01     -1.81E-01     -1.81E-01    0.0    1.60E-01      1.60E-01    0.0    1.45E-01      1.45E-01    0.0   -4.71E+01     -4.71E+01    0.0
    3.35E-01     -1.84E-01     -1.84E-01    0.0    1.62E-01      1.62E-01    0.0    1.47E-01      1.47E-01    0.0   -4.71E+01     -4.71E+01    0.0
    3.40E-01     -1.87E-01     -1.87E-01    0.0    1.65E-01      1.65E-01    0.0    1.49E-01      1.49E-01    0.0   -4.71E+01     -4.71E+01    0.0
    3.45E-01     -1.90E-01     -1.90E-01    0.0    1.67E-01      1.67E-01    0.0    1.52E-01      1.52E-01    0.0   -4.71E+01     -4.71E+01    0.0
    3.50E-01     -1.93E-01     -1.93E-01    0.0    1.70E-01      1.70E-01    0.0    1.54E-01      1.54E-01    0.0   -4.71E+01     -4.71E+01    0.0
    3.55E-01     -1.95E-01     -1.95E-01    0.0    1.72E-01      1.72E-01    0.0    1.57E-01      1.57E-01    0.0   -4.71E+01     -4.71E+01    0.0
    3.60E-01     -1.98E-01     -1.98E-01    0.0    1.75E-01      1.75E-01    0.0    1.59E-01      1.59E-01    0.0   -4.71E+01     -4.71E+01    0.0
    3.65E-01     -2.01E-01     -2.01E-01    0.0    1.77E-01      1.77E-01    0.0    1.61E-01      1.61E-01    0.0   -4.71E+01     -4.71E+01    0.0
    3.70E-01     -2.04E-01     -2.04E-01    0.0    1.80E-01      1.80E-01    0.0    1.64E-01      1.64E-01    0.0   -4.71E+01     -4.71E+01    0.0
    3.75E-01     -2.07E-01     -2.07E-01    0.0    1.82E-01      1.82E-01    0.0    1.66E-01      1.66E-01    0.0   -4.71E+01     -4.71E+01    0.0
    3.80E-01     -2.10E-01     -2.10E-01    0.0    1.85E-01      1.85E-01    0.0    1.69E-01      1.69E-01    0.0   -4.71E+01     -4.71E+01    0.0
    3.85E-01     -2.12E-01     -2.12E-01    0.0    1.87E-01      1.87E-01    0.0    1.71E-01      1.71E-01    0.0   -4.71E+01     -4.71E+01    0.0
    3.90E-01     -2.15E-01     -2.15E-01    0.0    1.90E-01      1.90E-01    0.0    1.73E-01      1.73E-01    0.0   -4.71E+01     -4.71E+01    0.0
    3.95E-01     -2.18E-01     -2.18E-01    0.0    1.92E-01      1.92E-01    0.0    1.76E-01      1.76E-01    0.0   -4.71E+01     -4.71E+01    0.0
    4.00E-01     -2.21E-01     -2.21E-01    0.0    1.95E-01      1.95E-01    0.0    1.78E-01      1.78E-01    0.0   -4.71E+01     -4.71E+01    0.0
    4.05E-01     -2.24E-01     -2.24E-01    0.0    1.97E-01      1.97E-01    0.0    1.81E-01      1.81E-01    0.0   -4.71E+01     -4.71E+01    0.0
    4.10E-01     -2.27E-01     -2.27E-01    0.0    2.00E-01      2.00E-01    0.0    1.83E-01      1.83E-01    0.0   -4.71E+01     -4.71E+01    0.0
    4.15E-01     -2.29E-01     -2.29E-01    0.0    2.02E-01      2.02E-01    0.0    1.85E-01      1.85E-01    0.0   -4.71E+01     -4.71E+01    0.0
    4.20E-01     -2.32E-01     -2.32E-01    0.0    2.05E-01      2.05E-01    0.0    1.88E-01      1.88E-01    0.0   -4.71E+01     -4.71E+01    0.0
    4.25E-01     -2.35E-01     -2.35E-01    0.0    2.07E-01      2.07E-01    0.0    1.90E-01      1.90E-01    0.0   -4.71E+01     -4.71E+01    0.0
    4.30E-01     -2.38E-01     -2.38E-01    0.0    2.10E-01      2.10E-01    0.0    1.93E-01      1.93E-01    0.0   -4.71E+01     -4.71E+01    0.0
    4.35E-01     -2.41E-01     -2.41E-01    0.0    2.13E-01      2.13E-01    0.0    1.95E-01      1.95E-01    0.0   -4.71E+01     -4.71E+01    0.0
    4.40E-01     -2.44E-01     -2.44E-01    0.0    2.15E-01      2.15E-01    0.0    1.98E-01      1.98E-01    0.0   -4.71E+01     -4.71E+01    0.0
    4.45E-01     -2.46E-01     -2.46E-01    0.0    2.18E-01      2.18E-01    0.0    2.00E-01      2.00E-01    0.0   -4.71E+01     -4.71E+01    0.0
    4.50E-01     -2.49E-01     -2.49E-01    0.0    2.20E-01      2.20E-01    0.0    2.03E-01      2.03E-01    0.0   -4.71E+01     -4.71E+01    0.0
    4.55E-01     -2.52E-01     -2.52E-01    0.0    2.23E-01      2.23E-01    0.0    2.05E-01      2.05E-01    0.0   -4.71E+01     -4.71E+01    0.0
    4.60E-01     -2.55E-01     -2.55E-01    0.0    2.25E-01      2.25E-01    0.0    2.08E-01      2.08E-01    0.0   -4.71E+01     -4.71E+01    0.0
    4.65E-01     -2.58E-01     -2.58E-01    0.0    2.28E-01      2.28E-01    0.0    2.10E-01      2.10E-01    0.0   -4.72E+01     -4.72E+01    0.0
    4.70E-01     -2.61E-01     -2.61E-01    0.0    2.30E-01      2.30E-01    0.0    2.13E-01      2.13E-01    0.0   -4.72E+01     -4.72E+01    0.0
    4.75E-01     -2.64E-01     -2.64E-01    0.0    2.33E-01      2.33E-01    0.0    2.15E-01      2.15E-01    0.0   -4.72E+01     -4.72E+01    0.0
    4.80E-01     -2.66E-01     -2.66E-01    0.0    2.36E-01      2.36E-01    0.0    2.18E-01      2.18E-01    0.0   -4.72E+01     -4.72E+01    0.0
    4.85E-01     -2.69E-01     -2.69E-01    0.0    2.38E-01      2.38E-01    0.0    2.20E-01      2.20E-01    0.0   -4.72E+01     -4.72E+01    0.0
    4.90E-01     -2.72E-01     -2.72E-01    0.0    2.41E-01      2.41E-01    0.0    2.23E-01      2.23E-01    0.0   -4.72E+01     -4.72E+01    0.0
    4.95E-01     -2.75E-01     -2.75E-01    0.0    2.43E-01      2.43E-01    0.0    2.25E-01      2.25E-01    0.0   -4.72E+01     -4.72E+01    0.0
    5.00E-01     -2.78E-01     -2.78E-01    0.0    2.46E-01      2.46E-01    0.0    2.28E-01      2.28E-01    0.0   -4.72E+01     -4.72E+01    0.0
    5.05E-01     -2.81E-01     -2.81E-01    0.0    2.49E-01      2.49E-01    0.0    2.30E-01      2.30E-01    0.0   -4.72E+01     -4.72E+01    0.0
    5.10E-01     -2.84E-01     -2.84E-01    0.0    2.51E-01      2.51E-01    0.0    2.33E-01      2.33E-01    0.0   -4.72E+01     -4.72E+01    0.0
    5.15E-01     -2.87E-01     -2.87E-01    0.0    2.54E-01      2.54E-01    0.0    2.35E-01      2.35E-01    0.0   -4.72E+01     -4.72E+01    0.0
    5.20E-01     -2.89E-01     -2.89E-01    0.0    2.56E-01      2.56E-01    0.0    2.38E-01      2.38E-01    0.0   -4.72E+01     -4.72E+01    0.0
    5.25E-01     -2.92E-01     -2.92E-01    0.0    2.59E-01      2.59E-01    0.0    2.40E-01      2.40E-01    0.0   -4.72E+01     -4.72E+01    0.0
    5.30E-01     -2.95E-01     -2.95E-01    0.0    2.62E-01      2.62E-01    0.0    2.43E-01      2.43E-01    0.0   -4.72E+01     -4.72E+01    0.0
    5.35E-01     -2.98E-01     -2.98E-01    0.0    2.64E-01      2.64E-01    0.0    2.45E-01      2.45E-01    0.0   -4.72E+01     -4.72E+01    0.0
    5.40E-01     -3.01E-01     -3.01E-01    0.0    2.67E-01      2.67E-01    0.0    2.48E-01      2.48E-01    0.0   -4.72E+01     -4.72E+01    0.0
    5.45E-01     -3.04E-01     -3.04E-01    0.0    2.69E-01      2.69E-01    0.0    2.51E-01      2.51E-01    0.0   -4.72E+01     -4.72E+01    0.0
    5.50E-01     -3.07E-01     -3.07E-01    0.0    2.72E-01      2.72E-01    0.0    2.53E-01      2.53E-01    0.0   -4.72E+01     -4.72E+01    0.0
    5.55E-01     -3.10E-01     -3.10E-01    0.0    2.75E-01      2.75E-01    0.0    2.56E-01      2.56E-01    0.0   -4.72E+01     -4.72E+01    0.0
    5.60E-01     -3.13E-01     -3.13E-01    0.0    2.77E-01      2.77E-01    0.0    2.58E-01      2.58E-01    0.0   -4.72E+01     -4.72E+01    0.0
    5.65E-01     -3.16E-01     -3.16E-01    0.0    2.80E-01      2.80E-01    0.0    2.61E-01      2.61E-01    0.0   -4.72E+01     -4.72E+01    0.0
    5.70E-01     -3.18E-01     -3.18E-01    0.0    2.83E-01      2.83E-01    0.0    2.64E-01      2.64E-01    0.0   -4.72E+01     -4.72E+01    0.0
    5.75E-01     -3.21E-01     -3.21E-01    0.0    2.85E-01      2.85E-01    0.0    2.66E-01      2.66E-01    0.0   -4.72E+01     -4.72E+01    0.0
    5.80E-01     -3.24E-01     -3.24E-01    0.0    2.88E-01      2.88E-01    0.0    2.69E-01      2.69E-01    0.0   -4.72E+01     -4.72E+01    0.0
    5.85E-01     -3.27E-01     -3.27E-01    0.0    2.91E-01      2.91E-01    0.0    2.71E-01      2.71E-01    0.0   -4.72E+01     -4.72E+01    0.0
    5.90E-01     -3.30E-01     -3.30E-01    0.0    2.93E-01      2.93E-01    0.0    2.74E-01      2.74E-01    0.0   -4.72E+01     -4.72E+01    0.0
    5.95E-01     -3.33E-01     -3.33E-01    0.0    2.96E-01      2.96E-01    0.0    2.77E-01      2.77E-01    0.0   -4.72E+01     -4.72E+01    0.0
    6.00E-01     -3.36E-01     -3.36E-01    0.0    2.99E-01      2.99E-01    0.0    2.79E-01      2.79E-01    0.0   -4.72E+01     -4.72E+01    0.0
    6.05E-01     -3.39E-01     -3.39E-01    0.0    3.01E-01      3.01E-01    0.0    2.82E-01      2.82E-01    0.0   -4.72E+01     -4.72E+01    0.0
    6.10E-01     -3.42E-01     -3.42E-01    0.0    3.04E-01      3.04E-01    0.0    2.85E-01      2.85E-01    0.0   -4.72E+01     -4.72E+01    0.0
    6.15E-01     -3.45E-01     -3.45E-01    0.0    3.07E-01      3.07E-01    0.0    2.87E-01      2.87E-01    0.0   -4.72E+01     -4.72E+01    0.0
    6.20E-01     -3.48E-01     -3.48E-01    0.0    3.09E-01      3.09E-01    0.0    2.90E-01      2.90E-01    0.0   -4.72E+01     -4.72E+01    0.0
    6.25E-01     -3.51E-01     -3.51E-01    0.0    3.12E-01      3.12E-01    0.0    2.93E-01      2.93E-01    0.0   -4.72E+01     -4.72E+01    0.0
    6.30E-01     -3.53E-01     -3.53E-01    0.0    3.15E-01      3.15E-01    0.0    2.95E-01      2.95E-01    0.0   -4.72E+01     -4.72E+01    0.0
    6.35E-01     -3.56E-01     -3.56E-01    0.0    3.17E-01      3.17E-01    0.0    2.98E-01      2.98E-01    0.0   -4.72E+01     -4.72E+01    0.0
    6.40E-01     -3.59E-01     -3.59E-01    0.0    3.20E-01      3.20E-01    0.0    3.01E-01      3.01E-01    0.0   -4.72E+01     -4.72E+01    0.0
    6.45E-01     -3.62E-01     -3.62E-01    0.0    3.23E-01      3.23E-01    0.0    3.03E-01      3.03E-01    0.0   -4.72E+01     -4.72E+01    0.0
    6.50E-01     -3.65E-01     -3.65E-01    0.0    3.26E-01      3.26E-01    0.0    3.06E-01      3.06E-01    0.0   -4.73E+01     -4.73E+01    0.0
    6.55E-01     -3.68E-01     -3.68E-01    0.0    3.28E-01      3.28E-01    0.0    3.09E-01      3.09E-01    0.0   -4.73E+01     -4.73E+01    0.0
    6.60E-01     -3.71E-01     -3.71E-01    0.0    3.31E-01      3.31E-01    0.0    3.12E-01      3.12E-01    0.0   -4.73E+01     -4.73E+01    0.0
    6.65E-01     -3.74E-01     -3.74E-01    0.0    3.34E-01      3.34E-01    0.0    3.14E-01      3.14E-01    0.0   -4.73E+01     -4.73E+01    0.0
    6.70E-01     -3.77E-01     -3.77E-01    0.0    3.36E-01      3.36E-01    0.0    3.17E-01      3.17E-01    0.0   -4.73E+01     -4.73E+01    0.0
    6.75E-01     -3.80E-01     -3.80E-01    0.0    3.39E-01      3.39E-01    0.0    3.20E-01      3.20E-01    0.0   -4.73E+01     -4.73E+01    0.0
    6.80E-01     -3.83E-01     -3.83E-01    0.0    3.42E-01      3.42E-01    0.0    3.22E-01      3.22E-01    0.0   -4.73E+01     -4.73E+01    0.0
    6.85E-01     -3.86E-01     -3.86E-01    0.0    3.45E-01      3.45E-01    0.0    3.25E-01      3.25E-01    0.0   -4.73E+01     -4.73E+01    0.0
    6.90E-01     -3.89E-01     -3.89E-01    0.0    3.47E-01      3.47E-01    0.0    3.28E-01      3.28E-01    0.0   -4.73E+01     -4.73E+01    0.0
    6.95E-01     -3.92E-01     -3.92E-01    0.0    3.50E-01      3.50E-01    0.0    3.31E-01      3.31E-01    0.0   -4.73E+01     -4.73E+01    0.0
    7.00E-01     -3.95E-01     -3.95E-01    0.0    3.53E-01      3.53E-01    0.0    3.33E-01      3.33E-01    0.0   -4.73E+01     -4.73E+01    0.0
    7.05E-01     -3.98E-01     -3.98E-01    0.0    3.56E-01      3.56E-01    0.0    3.36E-01      3.36E-01    0.0   -4.73E+01     -4.73E+01    0.0
    7.10E-01     -4.01E-01     -4.01E-01    0.0    3.58E-01      3.58E-01    0.0    3.39E-01      3.39E-01    0.0   -4.73E+01     -4.73E+01    0.0
    7.15E-01     -4.04E-01     -4.04E-01    0.0    3.61E-01      3.61E-01    0.0    3.42E-01      3.42E-01    0.0   -4.73E+01     -4.73E+01    0.0
    7.20E-01     -4.07E-01     -4.07E-01    0.0    3.64E-01      3.64E-01    0.0    3.45E-01      3.45E-01    0.0   -4.73E+01     -4.73E+01    0.0
    7.25E-01     -4.10E-01     -4.10E-01    0.0    3.67E-01      3.67E-01    0.0    3.47E-01      3.47E-01    0.0   -4.73E+01     -4.73E+01    0.0
    7.30E-01     -4.13E-01     -4.13E-01    0.0    3.70E-01      3.70E-01    0.0    3.50E-01      3.50E-01    0.0   -4.73E+01     -4.73E+01    0.0
    7.35E-01     -4.16E-01     -4.16E-01    0.0    3.72E-01      3.72E-01    0.0    3.53E-01      3.53E-01    0.0   -4.73E+01     -4.73E+01    0.0
    7.40E-01     -4.18E-01     -4.18E-01    0.0    3.75E-01      3.75E-01    0.0    3.56E-01      3.56E-01    0.0   -4.73E+01     -4.73E+01    0.0
    7.45E-01     -4.21E-01     -4.21E-01    0.0    3.78E-01      3.78E-01    0.0    3.59E-01      3.59E-01    0.0   -4.73E+01     -4.73E+01    0.0
    7.50E-01     -4.24E-01     -4.24E-01    0.0    3.81E-01      3.81E-01    0.0    3.61E-01      3.61E-01    0.0   -4.73E+01     -4.73E+01    0.0
    7.55E-01     -4.27E-01     -4.27E-01    0.0    3.84E-01      3.84E-01    0.0    3.64E-01      3.64E-01    0.0   -4.73E+01     -4.73E+01    0.0
    7.60E-01     -4.30E-01     -4.30E-01    0.0    3.86E-01      3.86E-01    0.0    3.67E-01      3.67E-01    0.0   -4.73E+01     -4.73E+01    0.0
    7.65E-01     -4.33E-01     -4.33E-01    0.0    3.89E-01      3.89E-01    0.0    3.70E-01      3.70E-01    0.0   -4.73E+01     -4.73E+01    0.0
    7.70E-01     -4.36E-01     -4.36E-01    0.0    3.92E-01      3.92E-01    0.0    3.73E-01      3.73E-01    0.0   -4.73E+01     -4.73E+01    0.0
    7.75E-01     -4.39E-01     -4.39E-01    0.0    3.95E-01      3.95E-01    0.0    3.76E-01      3.76E-01    0.0   -4.73E+01     -4.73E+01    0.0
    7.80E-01     -4.42E-01     -4.42E-01    0.0    3.98E-01      3.98E-01    0.0    3.78E-01      3.78E-01    0.0   -4.73E+01     -4.73E+01    0.0
    7.85E-01     -4.45E-01     -4.45E-01    0.0    4.01E-01      4.01E-01    0.0    3.81E-01      3.81E-01    0.0   -4.73E+01     -4.73E+01    0.0
    7.90E-01     -4.48E-01     -4.48E-01    0.0    4.03E-01      4.03E-01    0.0    3.84E-01      3.84E-01    0.0   -4.73E+01     -4.73E+01    0.0
    7.95E-01     -4.51E-01     -4.51E-01    0.0    4.06E-01      4.06E-01    0.0    3.87E-01      3.87E-01    0.0   -4.73E+01     -4.73E+01    0.0
    8.00E-01     -4.54E-01     -4.54E-01    0.0    4.09E-01      4.09E-01    0.0    3.90E-01      3.90E-01    0.0   -4.73E+01     -4.73E+01    0.0
    8.05E-01     -4.57E-01     -4.57E-01    0.0    4.12E-01      4.12E-01    0.0    3.93E-01      3.93E-01    0.0   -4.73E+01     -4.73E+01    0.0
    8.10E-01     -4.60E-01     -4.60E-01    0.0    4.15E-01      4.15E-01    0.0    3.96E-01      3.96E-01    0.0   -4.73E+01     -4.73E+01    0.0
    8.15E-01     -4.63E-01     -4.63E-01    0.0    4.18E-01      4.18E-01    0.0    3.99E-01      3.99E-01    0.0   -4.73E+01     -4.73E+01    0.0
    8.20E-01     -4.66E-01     -4.66E-01    0.0    4.21E-01      4.21E-01    0.0    4.02E-01      4.02E-01    0.0   -4.73E+01     -4.73E+01    0.0
    8.25E-01     -4.69E-01     -4.69E-01    0.0    4.24E-01      4.24E-01    0.0    4.04E-01      4.04E-01    0.0   -4.74E+01     -4.74E+01    0.0
    8.30E-01     -4.73E-01     -4.73E-01    0.0    4.26E-01      4.26E-01    0.0    4.07E-01      4.07E-01    0.0   -4.74E+01     -4.74E+01    0.0
    8.35E-01     -4.76E-01     -4.76E-01    0.0    4.29E-01      4.29E-01    0.0    4.10E-01      4.10E-01    0.0   -4.74E+01     -4.74E+01    0.0
    8.40E-01     -4.79E-01     -4.79E-01    0.0    4.32E-01      4.32E-01    0.0    4.13E-01      4.13E-01    0.0   -4.74E+01     -4.74E+01    0.0
    8.45E-01     -4.82E-01     -4.82E-01    0.0    4.35E-01      4.35E-01    0.0    4.16E-01      4.16E-01    0.0   -4.74E+01     -4.74E+01    0.0
    8.50E-01     -4.85E-01     -4.85E-01    0.0    4.38E-01      4.38E-01    0.0    4.19E-01      4.19E-01    0.0   -4.74E+01     -4.74E+01    0.0
    8.55E-01     -4.88E-01     -4.88E-01    0.0    4.41E-01      4.41E-01    0.0    4.22E-01      4.22E-01    0.0   -4.74E+01     -4.74E+01    0.0
    8.60E-01     -4.91E-01     -4.91E-01    0.0    4.44E-01      4.44E-01    0.0    4.25E-01      4.25E-01    0.0   -4.74E+01     -4.74E+01    0.0
    8.65E-01     -4.94E-01     -4.94E-01    0.0    4.47E-01      4.47E-01    0.0    4.28E-01      4.28E-01    0.0   -4.74E+01     -4.74E+01    0.0
    8.70E-01     -4.97E-01     -4.97E-01    0.0    4.50E-01      4.50E-01    0.0    4.31E-01      4.31E-01    0.0   -4.74E+01     -4.74E+01    0.0
    8.75E-01     -5.00E-01     -5.00E-01    0.0    4.53E-01      4.53E-01    0.0    4.34E-01      4.34E-01    0.0   -4.74E+01     -4.74E+01    0.0
    8.80E-01     -5.03E-01     -5.03E-01    0.0    4.56E-01      4.56E-01    0.0    4.37E-01      4.37E-01    0.0   -4.74E+01     -4.74E+01    0.0
    8.85E-01     -5.06E-01     -5.06E-01    0.0    4.58E-01      4.58E-01    0.0    4.40E-01      4.40E-01    0.0   -4.74E+01     -4.74E+01    0.0
    8.90E-01     -5.09E-01     -5.09E-01    0.0    4.61E-01      4.61E-01    0.0    4.43E-01      4.43E-01    0.0   -4.74E+01     -4.74E+01    0.0
    8.95E-01     -5.12E-01     -5.12E-01    0.0    4.64E-01      4.64E-01    0.0    4.46E-01      4.46E-01    0.0   -4.74E+01     -4.74E+01    0.0
    9.00E-01     -5.15E-01     -5.15E-01    0.0    4.67E-01      4.67E-01    0.0    4.49E-01      4.49E-01    0.0   -4.74E+01     -4.74E+01    0.0
    9.05E-01     -5.18E-01     -5.18E-01    0.0    4.70E-01      4.70E-01    0.0    4.52E-01      4.52E-01    0.0   -4.74E+01     -4.74E+01    0.0
    9.10E-01     -5.21E-01     -5.21E-01    0.0    4.73E-01      4.73E-01    0.0    4.55E-01      4.55E-01    0.0   -4.74E+01     -4.74E+01    0.0
    9.15E-01     -5.24E-01     -5.24E-01    0.0    4.76E-01      4.76E-01    0.0    4.58E-01      4.58E-01    0.0   -4.74E+01     -4.74E+01    0.0
    9.20E-01     -5.27E-01     -5.27E-01    0.0    4.79E-01      4.79E-01    0.0    4.61E-01      4.61E-01    0.0   -4.74E+01     -4.74E+01    0.0
    9.25E-01     -5.30E-01     -5.30E-01    0.0    4.82E-01      4.82E-01    0.0    4.64E-01      4.64E-01    0.0   -4.74E+01     -4.74E+01    0.0
    9.30E-01     -5.33E-01     -5.33E-01    0.0    4.85E-01      4.85E-01    0.0    4.67E-01      4.67E-01    0.0   -4.74E+01     -4.74E+01    0.0
    9.35E-01     -5.36E-01     -5.36E-01    0.0    4.88E-01      4.88E-01    0.0    4.70E-01      4.70E-01    0.0   -4.74E+01     -4.74E+01    0.0
    9.40E-01     -5.40E-01     -5.40E-01    0.0    4.91E-01      4.91E-01    0.0    4.73E-01      4.73E-01    0.0   -4.74E+01     -4.74E+01    0.0
    9.45E-01     -5.43E-01     -5.43E-01    0.0    4.94E-01      4.94E-01    0.0    4.76E-01      4.76E-01    0.0   -4.74E+01     -4.74E+01    0.0
    9.50E-01     -5.46E-01     -5.46E-01    0.0    4.97E-01      4.97E-01    0.0    4.79E-01      4.79E-01    0.0   -4.74E+01     -4.74E+01    0.0
    9.55E-01     -5.49E-01     -5.49E-01    0.0    5.00E-01      5.00E-01    0.0    4.82E-01      4.82E-01    0.0   -4.74E+01     -4.74E+01    0.0
    9.60E-01     -5.52E-01     -5.52E-01    0.0    5.03E-01      5.03E-01    0.0    4.85E-01      4.85E-01    0.0   -4.74E+01     -4.74E+01    0.0
    9.65E-01     -5.55E-01     -5.55E-01    0.0    5.06E-01      5.06E-01    0.0    4.88E-01      4.88E-01    0.0   -4.74E+01     -4.74E+01    0.0
    9.70E-01     -5.58E-01     -5.58E-01    0.0    5.09E-01      5.09E-01    0.0    4.91E-01      4.91E-01    0.0   -4.74E+01     -4.74E+01    0.0
    9.75E-01     -5.61E-01     -5.61E-01    0.0    5.12E-01      5.12E-01    0.0    4.95E-01      4.95E-01    0.0   -4.74E+01     -4.74E+01    0.0
    9.80E-01     -5.64E-01     -5.64E-01    0.0    5.15E-01      5.15E-01    0.0    4.98E-01      4.98E-01    0.0   -4.74E+01     -4.74E+01    0.0
    9.85E-01     -5.68E-01     -5.68E-01    0.0    5.18E-01      5.18E-01    0.0    5.01E-01      5.01E-01    0.0   -4.74E+01     -4.74E+01    0.0
    9.90E-01     -5.71E-01     -5.71E-01    0.0    5.21E-01      5.21E-01    0.0    5.04E-01      5.04E-01    0.0   -4.74E+01     -4.74E+01    0.0
    9.95E-01     -5.74E-01     -5.74E-01    0.0    5.25E-01      5.25E-01    0.0    5.08E-01      5.08E-01    0.0   -4.75E+01     -4.75E+01    0.0
    1.00E+00     -5.77E-01     -5.77E-01    0.0    5.28E-01      5.28E-01    0.0    5.11E-01      5.11E-01    0.0   -4.75E+01     -4.75E+01    0.0
