  0.0000000000E+00  0.0000000000E+00  2.8788955169E+01  2.3498932662E+00  6.0784162883E+00  0.0000000000E+00  0.0000000000E+00  1.7388425591E-05 -6.2945526401E-04 -5.5680054773E-04 -4.6464029768E+01  3.6199669757E+01   0
  2.0000000000E-02  1.4142135624E-01  2.8779364661E+01  2.3511532587E+00  6.0848059431E+00 -1.7639452503E+00 -4.2724328162E+00 -1.0814453306E-02  8.8984600590E-03  7.8381734094E-03 -4.6476528991E+01  8.2283031859E-01   0
  4.0000000000E-02  2.0000000000E-01  2.8769976780E+01  2.3524132511E+00  6.0911955977E+00 -1.7634947402E+00 -4.2720401288E+00 -2.1646295037E-02  1.8426375384E-02  1.6233147369E-02 -4.6487530442E+01  8.5124846319E-01   0
  6.0000000000E-02  2.4494897428E-01  2.8760743558E+01  2.3528304500E+00  6.0950918610E+00 -1.7630718145E+00 -4.2717646761E+00 -3.2483498776E-02  2.8003000269E-02  2.4669090288E-02 -4.6498704211E+01  8.6206847551E-01   0
  8.0000000000E-02  2.8284271247E-01  2.8751449106E+01  2.3533441485E+00  6.0993356809E+00 -1.7626590650E+00 -4.2715509043E+00 -4.3333093966E-02  3.7612425708E-02  3.3143605049E-02 -4.6510050882E+01  8.6798384941E-01   0
  1.0000000000E-01  3.1622776602E-01  2.8742175061E+01  2.3540056676E+00  6.1044603413E+00 -1.7622549847E+00 -4.2713778141E+00 -5.4201811834E-02  4.7255523277E-02  4.1682790412E-02 -4.6521427386E+01  8.7184397860E-01   0
  1.2000000000E-01  3.4641016151E-01  2.8733007897E+01  2.3548025003E+00  6.1104527717E+00 -1.7618605051E+00 -4.2712361546E+00 -6.5094458900E-02  5.6935661500E-02  5.0304723986E-02 -4.6532786611E+01  8.7466218265E-01   0
  1.4000000000E-01  3.7416573868E-01  2.8724005469E+01  2.3557070092E+00  6.1171502446E+00 -1.7614761885E+00 -4.2711195010E+00 -7.6013948180E-02  6.6655323263E-02  5.9015039347E-02 -4.6544105525E+01  8.7688279400E-01   0
  1.6000000000E-01  4.0000000000E-01  2.8715191604E+01  2.3566929515E+00  6.1243856380E+00 -1.7611018701E+00 -4.2710232065E+00 -8.6961959560E-02  7.6415909265E-02  6.7811262514E-02 -4.6555381281E+01  8.7872800535E-01   0
  1.8000000000E-01  4.2426406871E-01  2.8706570287E+01  2.3577384699E+00  6.1320177289E+00 -1.7607369662E+00 -4.2709436854E+00 -9.7939360076E-02  8.6217958240E-02  7.6687413517E-02 -4.6566619093E+01  8.8031980374E-01   0
  2.0000000000E-01  4.4721359550E-01  2.8698136044E+01  2.3588267699E+00  6.1399391254E+00 -1.7603807204E+00 -4.2708780101E+00 -1.0894656866E-01  9.6061409559E-02  8.5636872767E-02 -4.6577825698E+01  8.8172955555E-01   0
  2.2000000000E-01  4.6904157598E-01  2.8689880149E+01  2.3599445951E+00  6.1480690599E+00 -1.7600323655E+00 -4.2708237315E+00 -1.1998371804E-01  1.0594573545E-01  9.4653596691E-02 -4.6589006381E+01  8.8300093694E-01   0
  2.4000000000E-01  4.8989794856E-01  2.8681793215E+01  2.3610818456E+00  6.1563506734E+00 -1.7596911802E+00 -4.2707787512E+00 -1.3105083674E-01  1.1587013013E-01  1.0373260795E-01 -4.6600164544E+01  8.8416169638E-01   0
  2.6000000000E-01  5.0990195136E-01  2.8673866475E+01  2.3622307971E+00  6.1647454347E+00 -1.7593565190E+00 -4.2707412630E+00 -1.4214793799E-01  1.2583364750E-01  1.1287011047E-01 -4.6611302104E+01  8.8523019945E-01   0
  2.8000000000E-01  5.2915026221E-01  2.8666092212E+01  2.3633855285E+00  6.1732283797E+00 -1.7590278198E+00 -4.2707097153E+00 -1.5327507029E-01  1.3583527432E-01  1.2206344311E-01 -4.6622420037E+01  8.8621896612E-01   0
  3.0000000000E-01  5.4772255751E-01  2.8658464019E+01  2.3645417192E+00  6.1817853026E+00 -1.7587046102E+00 -4.2706828006E+00 -1.6443237051E-01  1.4587405426E-01  1.3131105102E-01 -4.6633518810E+01  8.8713708743E-01   0
  3.2000000000E-01  5.6568542495E-01  2.8650976880E+01  2.3656962434E+00  6.1904091511E+00 -1.7583865056E+00 -4.2706594308E+00 -1.7562006467E-01  1.5594913428E-01  1.4061237594E-01 -4.6644598627E+01  8.8799155477E-01   0
  3.4000000000E-01  5.8309518948E-01  2.8643627240E+01  2.3668465474E+00  6.1990955855E+00 -1.7580732091E+00 -4.2706387191E+00 -1.8683840504E-01  1.6605977656E-01  1.4996771293E-01 -4.6655659659E+01  8.8878823669E-01   0
  3.6000000000E-01  6.0000000000E-01  2.8636412859E+01  2.3679911529E+00  6.2078448252E+00 -1.7577645022E+00 -4.2706199615E+00 -1.9808775931E-01  1.7620549743E-01  1.5937818725E-01 -4.6666702302E+01  8.8953248821E-01   0
  3.8000000000E-01  6.1644140030E-01  2.8629332758E+01  2.3691291353E+00  6.2166584086E+00 -1.7574602393E+00 -4.2706026147E+00 -2.0936854745E-01  1.8638604548E-01  1.6884558150E-01 -4.6677727167E+01  8.9022944346E-01   0
  4.0000000000E-01  6.3245553203E-01  2.8622387103E+01  2.3702597440E+00  6.2255369450E+00 -1.7571603405E+00 -4.2705862758E+00 -2.2068117773E-01  1.9660137371E-01  1.7837216837E-01 -4.6688735079E+01  8.9088419652E-01   0
  4.2000000000E-01  6.4807406984E-01  2.8615576994E+01  2.3713829775E+00  6.2344831095E+00 -1.7568647796E+00 -4.2705706602E+00 -2.3202615284E-01  2.0685174896E-01  1.8796068165E-01 -4.6699727209E+01  8.9150186922E-01   0
  4.4000000000E-01  6.6332495807E-01  2.8608904399E+01  2.3724987690E+00  6.2434974216E+00 -1.7565735790E+00 -4.2705555831E+00 -2.4340392565E-01  2.1713763042E-01  1.9761409143E-01 -4.6710704943E+01  8.9208762695E-01   0
  4.6000000000E-01  6.7823299831E-01  2.8602371950E+01  2.3736075509E+00  6.2525814157E+00 -1.7562867995E+00 -4.2705409414E+00 -2.5481501032E-01  2.2745978616E-01  2.0733562290E-01 -4.6721670060E+01  8.9264673175E-01   0
  4.8000000000E-01  6.9282032303E-01  2.8595982860E+01  2.3747099247E+00  6.2617361231E+00 -1.7560045335E+00 -4.2705266974E+00 -2.6625992723E-01  2.3781924348E-01  2.1712863782E-01 -4.6732624727E+01  8.9318451319E-01   0
  5.0000000000E-01  7.0710678119E-01  2.8589740845E+01  2.3758064034E+00  6.2709609430E+00 -1.7557269017E+00 -4.2705128668E+00 -2.7773914865E-01  2.4821724237E-01  2.2699653617E-01 -4.6743571485E+01  8.9370635568E-01   0
  5.2000000000E-01  7.2111025509E-01  2.8583649983E+01  2.3768979070E+00  6.2802565417E+00 -1.7554540445E+00 -4.2704995065E+00 -2.8925321731E-01  2.5865532485E-01  2.3694279953E-01 -4.6754513326E+01  8.9421762447E-01   0
  5.4000000000E-01  7.3484692283E-01  2.8577714738E+01  2.3779850726E+00  6.2896214127E+00 -1.7551861216E+00 -4.2704867044E+00 -3.0080259296E-01  2.6913517617E-01  2.4697081362E-01 -4.6765453494E+01  8.9472359102E-01   0
  5.6000000000E-01  7.4833147735E-01  2.8571939797E+01  2.3790690697E+00  6.2990564754E+00 -1.7549233045E+00 -4.2704745721E+00 -3.1238786021E-01  2.7965879652E-01  2.5708402246E-01 -4.6776395601E+01  8.9522939957E-01   0
  5.8000000000E-01  7.6157731059E-01  2.8566330161E+01  2.3801506817E+00  6.3085603578E+00 -1.7546657787E+00 -4.2704632361E+00 -3.2400950758E-01  2.9022829640E-01  2.6728573860E-01 -4.6787343440E+01  8.9574006198E-01   0
  6.0000000000E-01  7.7459666924E-01  2.8560891054E+01  2.3812307180E+00  6.3181317761E+00 -1.7544137390E+00 -4.2704528337E+00 -3.3566803287E-01  3.0084598402E-01  2.7757923711E-01 -4.6798301083E+01  8.9626045547E-01   0
  6.2000000000E-01  7.8740078740E-01  2.8555627863E+01  2.3823103482E+00  6.3277714789E+00 -1.7541673867E+00 -4.2704435112E+00 -3.4736404984E-01  3.1151444429E-01  2.8796784150E-01 -4.6809272978E+01  8.9679529137E-01   0
  6.4000000000E-01  8.0000000000E-01  2.8550546223E+01  2.3833903482E+00  6.3374782790E+00 -1.7539269333E+00 -4.2704354221E+00 -3.5909808120E-01  3.2223630633E-01  2.9845469770E-01 -4.6820263721E+01  8.9734900630E-01   0
  6.6000000000E-01  8.1240384046E-01  2.8545651960E+01  2.3844714763E+00  6.3472511347E+00 -1.7536925978E+00 -4.2704287277E+00 -3.7087066243E-01  3.3301431244E-01  3.0904284021E-01 -4.6831278167E+01  8.9792573576E-01   0
  6.8000000000E-01  8.2462112512E-01  2.8540951057E+01  2.3855547845E+00  6.3570908964E+00 -1.7534646055E+00 -4.2704236000E+00 -3.8268244790E-01  3.4385138582E-01  3.1973526602E-01 -4.6842321421E+01  8.9852928375E-01   0
  7.0000000000E-01  8.3666002653E-01  2.8536449751E+01  2.3866409354E+00  6.3669966423E+00 -1.7532431917E+00 -4.2704202178E+00 -3.9453400116E-01  3.5475041061E-01  3.3053473350E-01 -4.6853398569E+01  8.9916308752E-01   0
  7.2000000000E-01  8.4852813742E-01  2.8532154513E+01  2.3877305467E+00  6.3769675311E+00 -1.7530285999E+00 -4.2704187659E+00 -4.0642589803E-01  3.6571429213E-01  3.4144383148E-01 -4.6864514737E+01  8.9983018774E-01   0
  7.4000000000E-01  8.6023252670E-01  2.8528072048E+01  2.3888244811E+00  6.3870043140E+00 -1.7528210823E+00 -4.2704194415E+00 -4.1835882802E-01  3.7674605429E-01  3.5246509383E-01 -4.6875675341E+01  9.0053329597E-01   0
  7.6000000000E-01  8.7177978871E-01  2.8524209446E+01  2.3899232198E+00  6.3971057765E+00 -1.7526209071E+00 -4.2704224604E+00 -4.3033337255E-01  3.8784866017E-01  3.6360083458E-01 -4.6886885964E+01  9.0127488340E-01   0
  7.8000000000E-01  8.8317608663E-01  2.8520574218E+01  2.3910272740E+00  6.4072707360E+00 -1.7524283612E+00 -4.2704280711E+00 -4.4235013092E-01  3.9902513128E-01  3.7485325283E-01 -4.6898152350E+01  9.0205722433E-01   0
  8.0000000000E-01  8.9442719100E-01  2.8517174482E+01  2.3921369797E+00  6.4174965842E+00 -1.7522437597E+00 -4.2704365727E+00 -4.5440962707E-01  4.1027846993E-01  3.8622434442E-01 -4.6909480025E+01  9.0288243358E-01   0
  8.2000000000E-01  9.0553851381E-01  2.8514019133E+01  2.3932528599E+00  6.4277808121E+00 -1.7520674545E+00 -4.2704483355E+00 -4.6651242355E-01  4.2161182204E-01  3.9771604349E-01 -4.6920874150E+01  9.0375261356E-01   0
  8.4000000000E-01  9.1651513899E-01  2.8511118304E+01  2.3943750490E+00  6.4381170330E+00 -1.7518998576E+00 -4.2704638462E+00 -4.7865885338E-01  4.3302812159E-01  4.0932970365E-01 -4.6932338921E+01  9.0466961706E-01   0
  8.6000000000E-01  9.2736184955E-01  2.8508483862E+01  2.3955035719E+00  6.4484952699E+00 -1.7517414743E+00 -4.2704838058E+00 -4.9084904833E-01  4.4452987086E-01  4.2106550332E-01 -4.6943876653E+01  9.0563457823E-01   0
  8.8000000000E-01  9.3808315196E-01  2.8506130309E+01  2.3966385589E+00  6.4589016516E+00 -1.7515929582E+00 -4.2705092739E+00 -5.0308295203E-01  4.5611926360E-01  4.3292210588E-01 -4.6955488208E+01  9.0664822125E-01   0
  9.0000000000E-01  9.4868329805E-01  2.8504075870E+01  2.3977797099E+00  6.4693135116E+00 -1.7514551733E+00 -4.2705418296E+00 -5.1535999947E-01  4.6779748312E-01  4.4489506607E-01 -4.6967169762E+01  9.0771011254E-01   0
  9.2000000000E-01  9.5916630466E-01  2.8502344341E+01  2.3989265013E+00  6.4797001053E+00 -1.7513292796E+00 -4.2705837351E+00 -5.2767929641E-01  4.7956546654E-01  4.5697670041E-01 -4.6978911348E+01  9.0881994007E-01   0
  9.4000000000E-01  9.6953597148E-01  2.8500967383E+01  2.4000784480E+00  6.4900295011E+00 -1.7512168530E+00 -4.2706382815E+00 -5.4004037158E-01  4.9142425590E-01  4.6915387486E-01 -4.6990696516E+01  9.0997688647E-01   0
  9.6000000000E-01  9.7979589711E-01  2.8499979633E+01  2.4012354842E+00  6.5003013827E+00 -1.7511199246E+00 -4.2707111606E+00 -5.5244579607E-01  5.0337480027E-01  4.8139428834E-01 -4.7002501573E+01  9.1117500368E-01   0
  9.8000000000E-01  9.8994949366E-01  2.8499437001E+01  2.4023976412E+00  6.5106435229E+00 -1.7510414281E+00 -4.2708103545E+00 -5.6490901685E-01  5.1541622392E-01  4.9364076036E-01 -4.7014236842E+01  9.1238802807E-01   0
  1.0000000000E+00  1.0000000000E+00  2.8499136564E+01  2.4035884254E+00  6.5213544465E+00 -1.7509641551E+00 -4.2708845233E+00 -5.7744941944E-01  5.2751421079E-01  5.0586893477E-01 -4.7025977049E+01  9.1352453224E-01   0
