  0.0000000000E+00  0.0000000000E+00  2.8570891954E+01  2.3551013753E+00  6.0920334187E+00  0.0000000000E+00  0.0000000000E+00  1.5824783995E-05 -4.6884907668E-04 -4.2903327096E-04 -4.6824027780E+01  2.9627518255E+01   0
  1.0000000000E-02  1.0000000000E-01  2.8564755494E+01  2.3565698419E+00  6.1022263630E+00 -1.7506908886E+00 -4.2399873304E+00 -5.3844684428E-03  4.1936721461E-03  3.6684348796E-03 -4.6829593645E+01  7.7884608121E-01   0
  2.0000000000E-02  1.4142135624E-01  2.8559056313E+01  2.3580383084E+00  6.1124193070E+00 -1.7504318941E+00 -4.2397777209E+00 -1.0784761670E-02  8.8561933721E-03  7.7659030332E-03 -4.6834872844E+01  8.2117654920E-01   0
  3.0000000000E-02  1.7320508076E-01  2.8553968089E+01  2.3589982431E+00  6.1191832518E+00 -1.7502037507E+00 -4.2396275955E+00 -1.6192544445E-02  1.3582084128E-02  1.1918832379E-02 -4.6840276657E+01  8.3878628057E-01   0
  4.0000000000E-02  2.0000000000E-01  2.8549142738E+01  2.3597088572E+00  6.1246534012E+00 -1.7499894118E+00 -4.2395052728E+00 -2.1606508571E-02  1.8342168596E-02  1.6095591042E-02 -4.6845822312E+01  8.4891867355E-01   0
  5.0000000000E-02  2.2360679775E-01  2.8544450885E+01  2.3603048507E+00  6.1294101551E+00 -1.7497821968E+00 -4.2393975592E+00 -2.7025901405E-02  2.3123069945E-02  2.0289155658E-02 -4.6851418920E+01  8.5558922156E-01   0
  6.0000000000E-02  2.4494897428E-01  2.8539830908E+01  2.3608410344E+00  6.1338079775E+00 -1.7495792953E+00 -4.2393000835E+00 -3.2450746812E-02  2.7918698895E-02  2.4500268926E-02 -4.6857038896E+01  8.6034072057E-01   0
  7.0000000000E-02  2.6457513111E-01  2.8535259566E+01  2.3613457109E+00  6.1380202018E+00 -1.7493793770E+00 -4.2392099041E+00 -3.7881185133E-02  3.2725687116E-02  2.8730596618E-02 -4.6862660772E+01  8.6390346554E-01   0
  8.0000000000E-02  2.8284271247E-01  2.8530726895E+01  2.3618337184E+00  6.1421382456E+00 -1.7491817207E+00 -4.2391250379E+00 -4.3317383182E-02  3.7541958724E-02  3.2980831104E-02 -4.6868271544E+01  8.6667189858E-01   0
  9.0000000000E-02  3.0000000000E-01  2.8526226921E+01  2.3623128735E+00  6.1462120502E+00 -1.7489858572E+00 -4.2390441165E+00 -4.8759496431E-02  4.2366114716E-02  3.7250548132E-02 -4.6873864874E+01  8.6887925056E-01   0
  1.0000000000E-01  3.1622776602E-01  2.8521754874E+01  2.3627880332E+00  6.1502736988E+00 -1.7487914473E+00 -4.2389662187E+00 -5.4207695824E-02  4.7197209847E-02  4.1538692923E-02 -4.6879438730E+01  8.7067360326E-01   0
  1.1000000000E-01  3.3166247904E-01  2.8517306717E+01  2.3632620045E+00  6.1543429849E+00 -1.7485982365E+00 -4.2388907191E+00 -5.9662144575E-02  5.2034581392E-02  4.5844016720E-02 -4.6884993479E+01  8.7215405619E-01   0
  1.2000000000E-01  3.4641016151E-01  2.8512879302E+01  2.3637367233E+00  6.1584337780E+00 -1.7484060439E+00 -4.2388172117E+00 -6.5123013032E-02  5.6877786769E-02  5.0165397907E-02 -4.6890530447E+01  8.7338997569E-01   0
  1.3000000000E-01  3.6055512755E-01  2.8508470474E+01  2.3642135160E+00  6.1625555072E+00 -1.7482147484E+00 -4.2387454304E+00 -7.0590470862E-02  6.1726559519E-02  5.4501991383E-02 -4.6896051190E+01  8.7443189945E-01   0
  1.4000000000E-01  3.7416573868E-01  2.8504079060E+01  2.3646932317E+00  6.1667139816E+00 -1.7480242795E+00 -4.2386752027E+00 -7.6064678454E-02  6.6580753968E-02  5.8853233813E-02 -4.6901557112E+01  8.7531762864E-01   0
  1.5000000000E-01  3.8729833462E-01  2.8499704684E+01  2.3651765590E+00  6.1709132001E+00 -1.7478346026E+00 -4.2386064100E+00 -8.1545795145E-02  7.1440324878E-02  6.3218814943E-02 -4.6907049400E+01  8.7607613306E-01   0
  1.6000000000E-01  4.0000000000E-01  2.8495347578E+01  2.3656640050E+00  6.1751554097E+00 -1.7476457102E+00 -4.2385389717E+00 -8.7033972023E-02  7.6305299050E-02  6.7598616555E-02 -4.6912529030E+01  8.7673005468E-01   0
  1.7000000000E-01  4.1231056256E-01  2.8491008426E+01  2.3661555708E+00  6.1794395988E+00 -1.7474576143E+00 -4.2384728340E+00 -9.2529321462E-02  8.1175739244E-02  7.1992643514E-02 -4.6917996755E+01  8.7729746594E-01   0
  1.8000000000E-01  4.2426406871E-01  2.8486688176E+01  2.3666514779E+00  6.1837654728E+00 -1.7472703373E+00 -4.2384079524E+00 -9.8031965422E-02  8.6051770980E-02  7.6401013358E-02 -4.6923453245E+01  8.7779297915E-01   0
  1.9000000000E-01  4.3588989435E-01  2.8482387935E+01  2.3671518280E+00  6.1881318367E+00 -1.7470839086E+00 -4.2383442934E+00 -1.0354201118E-01  9.0933549461E-02  8.0823901677E-02 -4.6928899088E+01  8.7822854150E-01   0
  2.0000000000E-01  4.4721359550E-01  2.8478108915E+01  2.3676563665E+00  6.1925354790E+00 -1.7468983626E+00 -4.2382818313E+00 -1.0905952746E-01  9.5821228614E-02  8.5261496618E-02 -4.6934334770E+01  8.7861400875E-01   0
  2.1000000000E-01  4.5825756950E-01  2.8473852331E+01  2.3681651620E+00  6.1969748436E+00 -1.7467137338E+00 -4.2382205421E+00 -1.1458460309E-01  1.0071500551E-01  8.9714028172E-02 -4.6939760783E+01  8.7895758064E-01   0
  2.2000000000E-01  4.6904157598E-01  2.8469619418E+01  2.3686778891E+00  6.2014463411E+00 -1.7465300589E+00 -4.2381604080E+00 -1.2011728271E-01  1.0561505696E-01  9.4181704513E-02 -4.6945177540E+01  8.7926611871E-01   0
  2.3000000000E-01  4.7958315233E-01  2.8465411372E+01  2.3691944589E+00  6.2059477111E+00 -1.7463473730E+00 -4.2381014124E+00 -1.2565762567E-01  1.1052158640E-01  9.8664751451E-02 -4.6950585450E+01  8.7954539812E-01   0
  2.4000000000E-01  4.8989794856E-01  2.8461229350E+01  2.3697147513E+00  6.2104766503E+00 -1.7461657110E+00 -4.2380435420E+00 -1.3120568281E-01  1.1543479908E-01  1.0316338868E-01 -4.6955984912E+01  8.7980029982E-01   0
  2.5000000000E-01  5.0000000000E-01  2.8457074485E+01  2.3702384109E+00  6.2150297475E+00 -1.7459851073E+00 -4.2379867858E+00 -1.3676147279E-01  1.2035487937E-01  1.0767780939E-01 -4.6961376295E+01  8.8003497564E-01   0
  2.6000000000E-01  5.0990195136E-01  2.8452947838E+01  2.3707653761E+00  6.2196052786E+00 -1.7458055943E+00 -4.2379311345E+00 -1.4232504100E-01  1.2528204038E-01  1.1220822625E-01 -4.6966759994E+01  8.8025297237E-01   0
  2.7000000000E-01  5.1961524227E-01  2.8448850456E+01  2.3712952333E+00  6.2241998021E+00 -1.7456272049E+00 -4.2378765834E+00 -1.4789638623E-01  1.3021646083E-01  1.1675481547E-01 -4.6972136345E+01  8.8045735362E-01   0
  2.8000000000E-01  5.2915026221E-01  2.8444783303E+01  2.3718280482E+00  6.2288125402E+00 -1.7454499690E+00 -4.2378231272E+00 -1.5347556086E-01  1.3515836919E-01  1.2131779381E-01 -4.6977505737E+01  8.8065075917E-01   0
  2.9000000000E-01  5.3851648071E-01  2.8440747340E+01  2.3723634851E+00  6.2334407112E+00 -1.7452739168E+00 -4.2377707622E+00 -1.5906256369E-01  1.4010794643E-01  1.2589732968E-01 -4.6982868522E+01  8.8083545986E-01   0
  3.0000000000E-01  5.4772255751E-01  2.8436743489E+01  2.3729012340E+00  6.2380817752E+00 -1.7450990779E+00 -4.2377194874E+00 -1.6465739029E-01  1.4506537466E-01  1.3049358988E-01 -4.6988225040E+01  8.8101344501E-01   0
  3.1000000000E-01  5.5677643628E-01  2.8432772602E+01  2.3734413551E+00  6.2427352502E+00 -1.7449254794E+00 -4.2376693014E+00 -1.7026008353E-01  1.5003088253E-01  1.3510678267E-01 -4.6993575686E+01  8.8118647316E-01   0
  3.2000000000E-01  5.6568542495E-01  2.8428835539E+01  2.3739835517E+00  6.2473988437E+00 -1.7447531489E+00 -4.2376202044E+00 -1.7587063401E-01  1.5500465559E-01  1.3973707511E-01 -4.6998920816E+01  8.8135609714E-01   0
  3.3000000000E-01  5.7445626465E-01  2.8424933130E+01  2.3745275510E+00  6.2520704604E+00 -1.7445821135E+00 -4.2375721974E+00 -1.8148903023E-01  1.5998688252E-01  1.4438463664E-01 -4.7004260795E+01  8.8152370599E-01   0
  3.4000000000E-01  5.8309518948E-01  2.8421066147E+01  2.3750734196E+00  6.2567498696E+00 -1.7444123979E+00 -4.2375252819E+00 -1.8711530928E-01  1.6497779995E-01  1.4904968131E-01 -4.7009596044E+01  8.8169054997E-01   0
  3.5000000000E-01  5.9160797831E-01  2.8417235377E+01  2.3756209008E+00  6.2614351728E+00 -1.7442440281E+00 -4.2374794597E+00 -1.9274945657E-01  1.6997760125E-01  1.5373238237E-01 -4.7014926955E+01  8.8185774566E-01   0
  3.6000000000E-01  6.0000000000E-01  2.8413441584E+01  2.3761697599E+00  6.2661246274E+00 -1.7440770289E+00 -4.2374347326E+00 -1.9839145611E-01  1.7498648206E-01  1.5843291456E-01 -4.7020253929E+01  8.8202630035E-01   0
  3.7000000000E-01  6.0827625303E-01  2.8409685477E+01  2.3767200746E+00  6.2708181893E+00 -1.7439114231E+00 -4.2373911019E+00 -2.0404134131E-01  1.8000468461E-01  1.6315149582E-01 -4.7025577428E+01  8.8219712463E-01   0
  3.8000000000E-01  6.1644140030E-01  2.8405967772E+01  2.3772716271E+00  6.2755142645E+00 -1.7437472340E+00 -4.2373485677E+00 -2.0969909409E-01  1.8503240539E-01  1.6788829967E-01 -4.7030897872E+01  8.8237102878E-01   0
  3.9000000000E-01  6.2449979984E-01  2.8402289149E+01  2.3778243126E+00  6.2802118785E+00 -1.7435844832E+00 -4.2373071290E+00 -2.1536471235E-01  1.9006985692E-01  1.7264351361E-01 -4.7036215704E+01  8.8254874646E-01   0
  4.0000000000E-01  6.3245553203E-01  2.8398650274E+01  2.3783779450E+00  6.2849096415E+00 -1.7434231918E+00 -4.2372667841E+00 -2.2103817641E-01  1.9511723777E-01  1.7741731093E-01 -4.7041531348E+01  8.8273094243E-01   0
  4.1000000000E-01  6.4031242374E-01  2.8395051758E+01  2.3789326206E+00  6.2896076810E+00 -1.7432633785E+00 -4.2372275292E+00 -2.2671951663E-01  2.0017479054E-01  1.8220990513E-01 -4.7046845270E+01  8.8291821328E-01   0
  4.2000000000E-01  6.4807406984E-01  2.8391494225E+01  2.3794881680E+00  6.2943047107E+00 -1.7431050627E+00 -4.2371893605E+00 -2.3240871223E-01  2.0524271490E-01  1.8702146838E-01 -4.7052157887E+01  8.8311110600E-01   0
  4.3000000000E-01  6.5574385243E-01  2.8387978287E+01  2.3800444319E+00  6.2989995381E+00 -1.7429482632E+00 -4.2371522738E+00 -2.3810574190E-01  2.1032121076E-01  1.9185217200E-01 -4.7057469612E+01  8.8331011708E-01   0
  4.4000000000E-01  6.6332495807E-01  2.8384504512E+01  2.3806015173E+00  6.3036923768E+00 -1.7427929970E+00 -4.2371162635E+00 -2.4381063487E-01  2.1541052405E-01  1.9670223016E-01 -4.7062780904E+01  8.8351570126E-01   0
  4.5000000000E-01  6.7082039325E-01  2.8381073487E+01  2.3811592790E+00  6.3083821134E+00 -1.7426392819E+00 -4.2370813241E+00 -2.4952336926E-01  2.2051085749E-01  2.0157181530E-01 -4.7068092178E+01  8.8372827820E-01   0
  4.6000000000E-01  6.7823299831E-01  2.8377685789E+01  2.3817175841E+00  6.3130677136E+00 -1.7424871352E+00 -4.2370474489E+00 -2.5524392291E-01  2.2562241473E-01  2.0646109979E-01 -4.7073403851E+01  8.8394823334E-01   0
  4.7000000000E-01  6.8556546004E-01  2.8374341951E+01  2.3822765432E+00  6.3177494632E+00 -1.7423365721E+00 -4.2370146299E+00 -2.6097232489E-01  2.3074544709E-01  2.1137030094E-01 -4.7078716396E+01  8.8417592627E-01   0
  4.8000000000E-01  6.9282032303E-01  2.8371042517E+01  2.3828360316E+00  6.3224264057E+00 -1.7421876085E+00 -4.2369828579E+00 -2.6670855337E-01  2.3588016192E-01  2.1629959318E-01 -4.7084030239E+01  8.8441168812E-01   0
  4.9000000000E-01  7.0000000000E-01  2.8367788018E+01  2.3833959356E+00  6.3270976622E+00 -1.7420402595E+00 -4.2369521223E+00 -2.7245258691E-01  2.4102676854E-01  2.2124915202E-01 -4.7089345814E+01  8.8465582681E-01   0
  5.0000000000E-01  7.0710678119E-01  2.8364578934E+01  2.3839563695E+00  6.3317636052E+00 -1.7418945377E+00 -4.2369224105E+00 -2.7820445623E-01  2.4618552351E-01  2.2621919749E-01 -4.7094663603E+01  8.8490862743E-01   0
  5.1000000000E-01  7.1414284285E-01  2.8361415761E+01  2.3845172263E+00  6.3364234434E+00 -1.7417504564E+00 -4.2368937089E+00 -2.8396414166E-01  2.5135663876E-01  2.3120990585E-01 -4.7099984043E+01  8.8517035037E-01   0
  5.2000000000E-01  7.2111025509E-01  2.8358298969E+01  2.3850784779E+00  6.3410768419E+00 -1.7416080278E+00 -4.2368660026E+00 -2.8973164193E-01  2.5654034175E-01  2.3622146715E-01 -4.7105307590E+01  8.8544123121E-01   0
  5.3000000000E-01  7.2801098893E-01  2.8355229015E+01  2.3856400995E+00  6.3457235158E+00 -1.7414672633E+00 -4.2368392756E+00 -2.9550695731E-01  2.6173686118E-01  2.4125407198E-01 -4.7110634704E+01  8.8572148542E-01   0
  5.4000000000E-01  7.3484692283E-01  2.8352206362E+01  2.3862019338E+00  6.3503625009E+00 -1.7413281746E+00 -4.2368135111E+00 -3.0129005523E-01  2.6694639419E-01  2.4630787911E-01 -4.7115965815E+01  8.8601130226E-01   0
  5.5000000000E-01  7.4161984871E-01  2.8349231408E+01  2.3867642336E+00  6.3549950820E+00 -1.7411907704E+00 -4.2367886913E+00 -3.0708100853E-01  2.7216923176E-01  2.5138313772E-01 -4.7121301450E+01  8.8631085675E-01   0
  5.6000000000E-01  7.4833147735E-01  2.8346304594E+01  2.3873268437E+00  6.3596203826E+00 -1.7410550614E+00 -4.2367647977E+00 -3.1287978874E-01  2.7740557071E-01  2.5648000447E-01 -4.7126642039E+01  8.8662029537E-01   0
  5.7000000000E-01  7.5498344353E-01  2.8343426332E+01  2.3878897490E+00  6.3642383206E+00 -1.7409210568E+00 -4.2367418106E+00 -3.1868640428E-01  2.8265563865E-01  2.6159866512E-01 -4.7131988036E+01  8.8693974659E-01   0
  5.8000000000E-01  7.6157731059E-01  2.8340597019E+01  2.3884529362E+00  6.3688488695E+00 -1.7407887650E+00 -4.2367197093E+00 -3.2450086632E-01  2.8791966468E-01  2.6673930679E-01 -4.7137339896E+01  8.8726932519E-01   0
  5.9000000000E-01  7.6811457479E-01  2.8337817038E+01  2.3890163940E+00  6.3734520607E+00 -1.7406581940E+00 -4.2366984722E+00 -3.3032318917E-01  2.9319787821E-01  2.7190211698E-01 -4.7142698063E+01  8.8760912893E-01   0
  6.0000000000E-01  7.7459666924E-01  2.8335086778E+01  2.3895799913E+00  6.3780473264E+00 -1.7405293519E+00 -4.2366780772E+00 -3.3615335593E-01  2.9849047976E-01  2.7708725577E-01 -4.7148062958E+01  8.8795924387E-01   0
  6.1000000000E-01  7.8102496759E-01  2.8332406566E+01  2.3901439667E+00  6.3826361519E+00 -1.7404022440E+00 -4.2366585012E+00 -3.4199145773E-01  3.0379776626E-01  2.8229497867E-01 -4.7153435102E+01  8.8831975009E-01   0
  6.2000000000E-01  7.8740078740E-01  2.8329776771E+01  2.3907081905E+00  6.3872180809E+00 -1.7402768776E+00 -4.2366397215E+00 -3.4783748553E-01  3.0911994264E-01  2.8752545241E-01 -4.7158814942E+01  8.8869071190E-01   0
  6.3000000000E-01  7.9372539332E-01  2.8327197736E+01  2.3912726589E+00  6.3917933883E+00 -1.7401532588E+00 -4.2366217154E+00 -3.5369146928E-01  3.1445724768E-01  2.9277887809E-01 -4.7164202966E+01  8.8907218576E-01   0
  6.4000000000E-01  8.0000000000E-01  2.8324669798E+01  2.3918373697E+00  6.3963624064E+00 -1.7400313935E+00 -4.2366044600E+00 -3.5955344321E-01  3.1980991951E-01  2.9805545616E-01 -4.7169599678E+01  8.8946421052E-01   0
  6.5000000000E-01  8.0622577483E-01  2.8322193281E+01  2.3924023229E+00  6.4009255252E+00 -1.7399112872E+00 -4.2365879322E+00 -3.6542344606E-01  3.2517819538E-01  3.0335538580E-01 -4.7175005584E+01  8.8986680763E-01   0
  6.6000000000E-01  8.1240384046E-01  2.8319768512E+01  2.3929674093E+00  6.4054825860E+00 -1.7397929455E+00 -4.2365721083E+00 -3.7130148619E-01  3.3056227921E-01  3.0867883252E-01 -4.7180421152E+01  8.9027997867E-01   0
  6.7000000000E-01  8.1853527719E-01  2.8317395764E+01  2.3935328578E+00  6.4100353143E+00 -1.7396763714E+00 -4.2365569642E+00 -3.7718768209E-01  3.3596247030E-01  3.1402605572E-01 -4.7185846938E+01  8.9070371661E-01   0
  6.8000000000E-01  8.2462112512E-01  2.8315075336E+01  2.3940985627E+00  6.4145836624E+00 -1.7395615694E+00 -4.2365424748E+00 -3.8308205252E-01  3.4137896971E-01  3.1939721709E-01 -4.7191283384E+01  8.9113798850E-01   0
  6.9000000000E-01  8.3066238629E-01  2.8312807508E+01  2.3946645335E+00  6.4191282565E+00 -1.7394485430E+00 -4.2365286156E+00 -3.8898465695E-01  3.4681201071E-01  3.2479251066E-01 -4.7196730959E+01  8.9158275144E-01   0
  7.0000000000E-01  8.3666002653E-01  2.8310592550E+01  2.3952307822E+00  6.4236697928E+00 -1.7393372953E+00 -4.2365153618E+00 -3.9489556138E-01  3.5226182869E-01  3.3021213469E-01 -4.7202190161E+01  8.9203795417E-01   0
  7.1000000000E-01  8.4261497732E-01  2.8308430730E+01  2.3957973229E+00  6.4282090245E+00 -1.7392278296E+00 -4.2365026901E+00 -4.0081483803E-01  3.5772866014E-01  3.3565629034E-01 -4.7207661466E+01  8.9250353580E-01   0
  7.2000000000E-01  8.4852813742E-01  2.8306322340E+01  2.3963640683E+00  6.4327462060E+00 -1.7391201502E+00 -4.2364905797E+00 -4.0674253050E-01  3.6321271408E-01  3.4112515402E-01 -4.7213145344E+01  8.9297943253E-01   0
  7.3000000000E-01  8.5440037453E-01  2.8304267625E+01  2.3969312429E+00  6.4372833334E+00 -1.7390142593E+00 -4.2364790090E+00 -4.1267879482E-01  3.6871430132E-01  3.4661900552E-01 -4.7218642444E+01  8.9346558619E-01   0
  7.4000000000E-01  8.6023252670E-01  2.8302266864E+01  2.3974987634E+00  6.4418207391E+00 -1.7389101610E+00 -4.2364679582E+00 -4.1862368586E-01  3.7423363149E-01  3.5213802114E-01 -4.7224153237E+01  8.9396191407E-01   0
  7.5000000000E-01  8.6602540378E-01  2.8300320312E+01  2.3980666533E+00  6.4463593706E+00 -1.7388078581E+00 -4.2364574066E+00 -4.2457729990E-01  3.7977095370E-01  3.5768241678E-01 -4.7229678305E+01  8.9446834250E-01   0
  7.6000000000E-01  8.7177978871E-01  2.8298428183E+01  2.3986349425E+00  6.4509002088E+00 -1.7387073513E+00 -4.2364473289E+00 -4.3053973785E-01  3.8532651312E-01  3.6325239954E-01 -4.7235218211E+01  8.9498478130E-01   0
  7.7000000000E-01  8.7749643874E-01  2.8296590693E+01  2.3992036631E+00  6.4554442748E+00 -1.7386086425E+00 -4.2364377038E+00 -4.3651110672E-01  3.9090054612E-01  3.6884816086E-01 -4.7240773336E+01  8.9551111094E-01   0
  7.8000000000E-01  8.8317608663E-01  2.8294808078E+01  2.3997728485E+00  6.4599926742E+00 -1.7385117338E+00 -4.2364285122E+00 -4.4249152312E-01  3.9649329577E-01  3.7446989954E-01 -4.7246344204E+01  8.9604721234E-01   0
  7.9000000000E-01  8.8881944173E-01  2.8293080603E+01  2.4003424403E+00  6.4645460573E+00 -1.7384166297E+00 -4.2364197406E+00 -4.4848107594E-01  4.0210498612E-01  3.8011779688E-01 -4.7251931272E+01  8.9659298395E-01   0
  8.0000000000E-01  8.9442719100E-01  2.8291408562E+01  2.4009126613E+00  6.4691066787E+00 -1.7383233366E+00 -4.2364113850E+00 -4.5447996957E-01  4.0773594992E-01  3.8579214196E-01 -4.7257535129E+01  8.9714833924E-01   0
  8.1000000000E-01  9.0000000000E-01  2.8289792265E+01  2.4014834555E+00  6.4736752677E+00 -1.7382318604E+00 -4.2364034375E+00 -4.6048830652E-01  4.1338642502E-01  3.9149312322E-01 -4.7263156582E+01  8.9771318655E-01   0
  8.2000000000E-01  9.0553851381E-01  2.8288231880E+01  2.4020548748E+00  6.4782530271E+00 -1.7381422003E+00 -4.2363958770E+00 -4.6650622216E-01  4.1905668971E-01  3.9722095844E-01 -4.7268796618E+01  8.9828746071E-01   0
  8.3000000000E-01  9.1104335791E-01  2.8286727437E+01  2.4026269852E+00  6.4828411113E+00 -1.7380543485E+00 -4.2363886665E+00 -4.7253384852E-01  4.2474701308E-01  4.0297583733E-01 -4.7274456131E+01  8.9887108493E-01   0
  8.4000000000E-01  9.1651513899E-01  2.8285278923E+01  2.4031998576E+00  6.4874406537E+00 -1.7379682965E+00 -4.2363817684E+00 -4.7857131838E-01  4.3045764788E-01  4.0875791289E-01 -4.7280135774E+01  8.9946394896E-01   0
  8.5000000000E-01  9.2195444573E-01  2.8283886503E+01  2.4037734641E+00  6.4920523262E+00 -1.7378840458E+00 -4.2363751695E+00 -4.8461873667E-01  4.3618883446E-01  4.1456731933E-01 -4.7285835909E+01  9.0006597239E-01   0
  8.6000000000E-01  9.2736184955E-01  2.8282550548E+01  2.4043480250E+00  6.4966782478E+00 -1.7378016072E+00 -4.2363688820E+00 -4.9067632461E-01  4.4194094348E-01  4.2040431669E-01 -4.7291557055E+01  9.0067712933E-01   0
  8.7000000000E-01  9.3273790531E-01  2.8281271499E+01  2.4049234982E+00  6.5013189013E+00 -1.7377209933E+00 -4.2363629187E+00 -4.9674418616E-01  4.4771423173E-01  4.2626900784E-01 -4.7297299956E+01  9.0129737641E-01   0
  8.8000000000E-01  9.3808315196E-01  2.8280049473E+01  2.4054999651E+00  6.5059748884E+00 -1.7376421968E+00 -4.2363572467E+00 -5.0282242901E-01  4.5350893860E-01  4.3216139952E-01 -4.7303065743E+01  9.0192662944E-01   0
  8.9000000000E-01  9.4339811321E-01  2.8278884100E+01  2.4060775570E+00  6.5106462874E+00 -1.7375651866E+00 -4.2363517796E+00 -5.0891111119E-01  4.5932528265E-01  4.3808138425E-01 -4.7308855352E+01  9.0256485376E-01   0
  9.0000000000E-01  9.4868329805E-01  2.8277775087E+01  2.4066564110E+00  6.5153326102E+00 -1.7374899403E+00 -4.2363464571E+00 -5.1501024662E-01  4.6516344947E-01  4.4402871071E-01 -4.7314668233E+01  9.0321202835E-01   0
  9.1000000000E-01  9.5393920142E-01  2.8276723064E+01  2.4072365216E+00  6.5200322972E+00 -1.7374164854E+00 -4.2363413347E+00 -5.2111977843E-01  4.7102351490E-01  4.5000286585E-01 -4.7320502336E+01  9.0386804415E-01   0
  9.2000000000E-01  9.5916630466E-01  2.8275729523E+01  2.4078180730E+00  6.5247441312E+00 -1.7373448860E+00 -4.2363365509E+00 -5.2723968424E-01  4.7690567685E-01  4.5600330158E-01 -4.7326356625E+01  9.0453296878E-01   0
  9.3000000000E-01  9.6436507610E-01  2.8274795161E+01  2.4084010799E+00  6.5294637920E+00 -1.7372751528E+00 -4.2363321109E+00 -5.3336965528E-01  4.8281004619E-01  4.6202917544E-01 -4.7332233976E+01  9.0520718870E-01   0
  9.4000000000E-01  9.6953597148E-01  2.8273917802E+01  2.4089858969E+00  6.5341851776E+00 -1.7372071361E+00 -4.2363276425E+00 -5.3950914617E-01  4.8873661952E-01  4.6807925553E-01 -4.7338139890E+01  9.0589125874E-01   0
  9.5000000000E-01  9.7467943448E-01  2.8273093961E+01  2.4095730243E+00  6.5388998855E+00 -1.7371406473E+00 -4.2363227143E+00 -5.4565736326E-01  4.9468503979E-01  4.7415158314E-01 -4.7344072520E+01  9.0658547488E-01   0
  9.6000000000E-01  9.7979589711E-01  2.8272325437E+01  2.4101625726E+00  6.5435971210E+00 -1.7370758045E+00 -4.2363176222E+00 -5.5181340222E-01  5.0065468282E-01  4.8024342547E-01 -4.7350017668E+01  9.0728982081E-01   0
  9.7000000000E-01  9.8488578018E-01  2.8271624868E+01  2.4107536933E+00  6.5482632087E+00 -1.7370132845E+00 -4.2363139011E+00 -5.5797632935E-01  5.0664533345E-01  4.8635197173E-01 -4.7355965177E+01  9.0800506544E-01   0
  9.8000000000E-01  9.8994949366E-01  2.8271007280E+01  2.4113455182E+00  6.5528932604E+00 -1.7369539093E+00 -4.2363135245E+00 -5.6414599118E-01  5.1265904654E-01  4.9247542803E-01 -4.7361934995E+01  9.0873471505E-01   0
  9.9000000000E-01  9.9498743711E-01  2.8270467774E+01  2.4119390992E+00  6.5575270157E+00 -1.7368973210E+00 -4.2363155700E+00 -5.7032573333E-01  5.1869630876E-01  4.9860524014E-01 -4.7367937628E+01  9.0947379443E-01   0
  1.0000000000E+00  1.0000000000E+00  2.8269962005E+01  2.4125413259E+00  6.5622518455E+00 -1.7368407675E+00 -4.2363122618E+00 -5.7652254396E-01  5.2470405154E-01  5.0467786344E-01 -4.7373687641E+01  9.1011887920E-01   0
