<===Magnetic Configuration
ATEN_009

<===Coilset ID
coilset_wistell_a_009

<===Coil Currents
-630686

<===Integration Tolerances
<===relTol
1e-8
<===absTol
1e-10

<===Number of surfaces
106
<===Number of transits
200

<===Phi increment (in degrees)
90

<===r-axis at  phi=0, z=0 
2.4381

<===Starting coordinates for each surface
<===r-coords
2.4375
     2.440000000000000e+00
     2.442500000000000e+00
     2.445000000000000e+00
     2.447500000000000e+00
     2.450000000000000e+00
     2.452500000000000e+00
     2.455000000000000e+00
     2.457500000000000e+00
     2.460000000000000e+00
     2.462500000000000e+00
     2.465000000000000e+00
     2.467500000000000e+00
     2.470000000000000e+00
     2.472500000000000e+00
     2.475000000000000e+00
     2.477500000000000e+00
     2.480000000000000e+00
     2.482500000000000e+00
     2.485000000000000e+00
     2.487500000000000e+00
     2.490000000000000e+00
     2.492500000000000e+00
     2.495000000000000e+00
     2.497500000000000e+00
     2.500000000000000e+00
     2.502500000000000e+00
     2.505000000000000e+00
     2.507500000000000e+00
     2.510000000000000e+00
     2.512500000000000e+00
     2.515000000000000e+00
     2.517500000000000e+00
     2.520000000000000e+00
     2.522500000000000e+00
     2.525000000000000e+00
     2.527500000000000e+00
     2.530000000000000e+00
     2.532500000000000e+00
     2.535000000000000e+00
     2.537500000000000e+00
     2.540000000000000e+00
     2.542500000000000e+00
     2.545000000000000e+00
     2.547500000000000e+00
     2.550000000000000e+00
     2.552500000000000e+00
     2.555000000000000e+00
     2.557500000000000e+00
     2.560000000000000e+00
     2.562500000000000e+00
     2.565000000000000e+00
     2.567500000000000e+00
     2.570000000000000e+00
     2.572500000000000e+00
     2.575000000000000e+00
     2.577500000000000e+00
     2.580000000000000e+00
     2.582500000000000e+00
     2.585000000000000e+00
     2.587500000000000e+00
     2.590000000000000e+00
     2.592500000000000e+00
     2.595000000000000e+00
     2.597500000000000e+00
     2.600000000000000e+00
     2.602500000000000e+00
     2.605000000000000e+00
     2.607500000000000e+00
     2.610000000000000e+00
     2.612500000000000e+00
     2.615000000000000e+00
     2.617500000000000e+00
     2.620000000000000e+00
     2.622500000000000e+00
     2.625000000000000e+00
     2.627500000000000e+00
     2.630000000000000e+00
     2.632500000000000e+00
     2.635000000000000e+00
     2.637500000000000e+00
     2.640000000000000e+00
     2.642500000000000e+00
     2.645000000000000e+00
     2.647500000000000e+00
     2.650000000000000e+00
     2.652500000000000e+00
     2.655000000000000e+00
     2.657500000000000e+00
     2.660000000000000e+00
     2.662500000000000e+00
     2.665000000000000e+00
     2.667500000000000e+00
     2.670000000000000e+00
     2.672500000000000e+00
     2.675000000000000e+00
     2.677500000000000e+00
     2.680000000000000e+00
     2.682500000000000e+00
     2.685000000000000e+00
     2.687500000000000e+00
     2.690000000000000e+00
     2.692500000000000e+00
     2.695000000000000e+00
     2.697500000000000e+00
     2.700000000000000e+00

<===z-coords
0
     0
     0
     0
     0
     0
     0
     0
     0
     0
     0
     0
     0
     0
     0
     0
     0
     0
     0
     0
     0
     0
     0
     0
     0
     0
     0
     0
     0
     0
     0
     0
     0
     0
     0
     0
     0
     0
     0
     0
     0
     0
     0
     0
     0
     0
     0
     0
     0
     0
     0
     0
     0
     0
     0
     0
     0
     0
     0
     0
     0
     0
     0
     0
     0
     0
     0
     0
     0
     0
     0
     0
     0
     0
     0
     0
     0
     0
     0
     0
     0
     0
     0
     0
     0
     0
     0
     0
     0
     0
     0
     0
     0
     0
     0
     0
     0
     0
     0
     0
     0
     0
     0
     0
     0
     0

<===phi-coords
0
     0
     0
     0
     0
     0
     0
     0
     0
     0
     0
     0
     0
     0
     0
     0
     0
     0
     0
     0
     0
     0
     0
     0
     0
     0
     0
     0
     0
     0
     0
     0
     0
     0
     0
     0
     0
     0
     0
     0
     0
     0
     0
     0
     0
     0
     0
     0
     0
     0
     0
     0
     0
     0
     0
     0
     0
     0
     0
     0
     0
     0
     0
     0
     0
     0
     0
     0
     0
     0
     0
     0
     0
     0
     0
     0
     0
     0
     0
     0
     0
     0
     0
     0
     0
     0
     0
     0
     0
     0
     0
     0
     0
     0
     0
     0
     0
     0
     0
     0
     0
     0
     0
     0
     0
     0
