<===Magnetic Configuration
EIM252_EDGE

<===Coilset ID
coilset_w7x_v3

<===Coil Currents
12989 12989 12989 12989 12989 0 0 0 0 0 0 0 0 0 0 0 0 0 0 0 0 0 0 0 0 0 0 0 0

<===Integration Tolerances
<===relTol
1e-8
<===absTol
1e-10

<===Number of surfaces
33
<===Number of transits
100

<===Phi increment (in degrees) Also, 360 / Number of field periods
360

<===r-axis at  phi=0, z=0 
6.2371

<===Starting coordinates for each surface
<===r-coords
6.237500000000000e+00
6.238500000000000e+00
6.239500000000000e+00
6.240500000000000e+00
6.241499999999999e+00
6.242500000000000e+00
6.243500000000000e+00
6.244499999999999e+00
6.245500000000000e+00
6.246500000000000e+00
6.247500000000000e+00
6.248500000000000e+00
6.249499999999999e+00
6.250500000000000e+00
6.251500000000000e+00
6.252500000000000e+00
6.253500000000000e+00
6.254500000000000e+00
6.255500000000000e+00
6.256500000000000e+00
6.257500000000000e+00
6.258500000000000e+00
6.259500000000000e+00
6.260500000000000e+00
6.261500000000000e+00
6.262500000000000e+00
6.263500000000000e+00
6.264500000000000e+00
6.265500000000000e+00
6.266500000000000e+00
6.267500000000000e+00
6.268500000000000e+00
6.269500000000000e+00

<===z-coords
     0
     0
     0
     0
     0
     0
     0
     0
     0
     0
     0
     0
     0
     0
     0
     0
     0
     0
     0
     0
     0
     0
     0
     0
     0
     0
     0
     0
     0
     0
     0
     0
     0

<===phi-coords
     0
     0
     0
     0
     0
     0
     0
     0
     0
     0
     0
     0
     0
     0
     0
     0
     0
     0
     0
     0
     0
     0
     0
     0
     0
     0
     0
     0
     0
     0
     0
     0
     0



