<===Magnetic Configuration
WISTA_15

<===Coilset ID
coilset_wista_15

<===Coil Currents
632955.5

<===Number of Field Periods
4

<===Stellarator Symmetric (1=True, 0=False)
0

<===Spectrum Type (Boozer or Hamada)
Boozer

<===Integration Tolerances
<===relTol
1e-8
<===absTol
1e-10

<===Number of surfaces
51

<===Number of transits around the machine
1000
<===Approximate number of points per transit
180

<===r-axis at  phi=0, z=0 
2.4415

<===Starting coordinates for each surface
<===r-coords
     2.442000000000000e+00
     2.447000000000000e+00
     2.452000000000000e+00
     2.457000000000000e+00
     2.462000000000000e+00
     2.467000000000000e+00
     2.472000000000000e+00
     2.477000000000000e+00
     2.482000000000000e+00
     2.487000000000000e+00
     2.492000000000000e+00
     2.497000000000000e+00
     2.502000000000000e+00
     2.507000000000000e+00
     2.512000000000000e+00
     2.517000000000000e+00
     2.522000000000000e+00
     2.527000000000000e+00
     2.532000000000000e+00
     2.537000000000000e+00
     2.542000000000000e+00
     2.547000000000000e+00
     2.552000000000000e+00
     2.557000000000000e+00
     2.562000000000000e+00
     2.567000000000000e+00
     2.572000000000000e+00
     2.577000000000000e+00
     2.582000000000000e+00
     2.587000000000000e+00
     2.592000000000000e+00
     2.597000000000000e+00
     2.602000000000000e+00
     2.607000000000000e+00
     2.612000000000000e+00
     2.617000000000000e+00
     2.622000000000000e+00
     2.627000000000000e+00
     2.632000000000000e+00
     2.637000000000000e+00
     2.642000000000000e+00
     2.647000000000000e+00
     2.652000000000000e+00
     2.657000000000000e+00
     2.662000000000000e+00
     2.667000000000000e+00
     2.672000000000000e+00
     2.677000000000000e+00
     2.682000000000000e+00
     2.687000000000000e+00
     2.692000000000000e+00

<===z-coords
     0
     0
     0
     0
     0
     0
     0
     0
     0
     0
     0
     0
     0
     0
     0
     0
     0
     0
     0
     0
     0
     0
     0
     0
     0
     0
     0
     0
     0
     0
     0
     0
     0
     0
     0
     0
     0
     0
     0
     0
     0
     0
     0
     0
     0
     0
     0
     0
     0
     0
     0

<===phi-coords
     0
     0
     0
     0
     0
     0
     0
     0
     0
     0
     0
     0
     0
     0
     0
     0
     0
     0
     0
     0
     0
     0
     0
     0
     0
     0
     0
     0
     0
     0
     0
     0
     0
     0
     0
     0
     0
     0
     0
     0
     0
     0
     0
     0
     0
     0
     0
     0
     0
     0
     0
