     ASPECT RATIO:   10.647
             BETA:    0.000  (total)
                      0.000  (poloidal)
                      0.000  (toroidal)
  TORIDAL CURRENT:   -0.368086637559E-09
     TORIDAL FLUX:    1.942
           VOLUME:   29.151
     MAJOR RADIUS:    5.511
     MINOR_RADIUS:    0.518
    STORED ENERGY:    0.000000000000E+00
 <----load_fourier_geometry
           s         rho          Vp     <|rho|>   <|rho|^2>       <|B|>     <|B.B|>         S11         S12         S21  S22
     vaciota         ier
    0.00E+00    0.00E+00    2.93E+01    2.33E+00    5.96E+00    0.00E+00    0.00E+00    1.77E-05   -6.23E-04   -5.51E-04   -4.56E+01    3.51E+01   0
    2.00E-02    1.41E-01    2.93E+01    2.33E+00    5.96E+00   -1.80E+00   -4.35E+00   -1.08E-02    8.87E-03    7.82E-03   -4.56E+01    8.22E-01   0
    4.00E-02    2.00E-01    2.93E+01    2.33E+00    5.97E+00   -1.80E+00   -4.35E+00   -2.16E-02    1.84E-02    1.62E-02   -4.56E+01    8.50E-01   0
    6.00E-02    2.45E-01    2.93E+01    2.33E+00    5.97E+00   -1.80E+00   -4.35E+00   -3.24E-02    2.79E-02    2.46E-02   -4.56E+01    8.60E-01   0
    8.00E-02    2.83E-01    2.93E+01    2.33E+00    5.98E+00   -1.80E+00   -4.35E+00   -4.33E-02    3.75E-02    3.31E-02   -4.56E+01    8.66E-01   0
    1.00E-01    3.16E-01    2.93E+01    2.33E+00    5.98E+00   -1.80E+00   -4.35E+00   -5.41E-02    4.71E-02    4.16E-02   -4.56E+01    8.70E-01   0
    1.20E-01    3.46E-01    2.93E+01    2.33E+00    5.99E+00   -1.80E+00   -4.35E+00   -6.50E-02    5.67E-02    5.02E-02   -4.57E+01    8.73E-01   0
    1.40E-01    3.74E-01    2.93E+01    2.33E+00    5.99E+00   -1.79E+00   -4.35E+00   -7.59E-02    6.64E-02    5.89E-02   -4.57E+01    8.75E-01   0
    1.60E-01    4.00E-01    2.93E+01    2.33E+00    6.00E+00   -1.79E+00   -4.35E+00   -8.69E-02    7.62E-02    6.76E-02   -4.57E+01    8.77E-01   0
    1.80E-01    4.24E-01    2.93E+01    2.33E+00    6.01E+00   -1.79E+00   -4.35E+00   -9.78E-02    8.59E-02    7.65E-02   -4.57E+01    8.78E-01   0
    2.00E-01    4.47E-01    2.92E+01    2.34E+00    6.02E+00   -1.79E+00   -4.35E+00   -1.09E-01    9.57E-02    8.54E-02   -4.57E+01    8.80E-01   0
    2.20E-01    4.69E-01    2.92E+01    2.34E+00    6.03E+00   -1.79E+00   -4.35E+00   -1.20E-01    1.06E-01    9.44E-02   -4.57E+01    8.81E-01   0
    2.40E-01    4.90E-01    2.92E+01    2.34E+00    6.03E+00   -1.79E+00   -4.35E+00   -1.31E-01    1.15E-01    1.03E-01   -4.57E+01    8.82E-01   0
    2.60E-01    5.10E-01    2.92E+01    2.34E+00    6.04E+00   -1.79E+00   -4.35E+00   -1.42E-01    1.25E-01    1.13E-01   -4.57E+01    8.83E-01   0
    2.80E-01    5.29E-01    2.92E+01    2.34E+00    6.05E+00   -1.79E+00   -4.35E+00   -1.53E-01    1.35E-01    1.22E-01   -4.57E+01    8.84E-01   0
    3.00E-01    5.48E-01    2.92E+01    2.34E+00    6.06E+00   -1.79E+00   -4.35E+00   -1.64E-01    1.45E-01    1.31E-01   -4.58E+01    8.85E-01   0
    3.20E-01    5.66E-01    2.92E+01    2.34E+00    6.07E+00   -1.79E+00   -4.35E+00   -1.75E-01    1.55E-01    1.40E-01   -4.58E+01    8.86E-01   0
    3.40E-01    5.83E-01    2.92E+01    2.34E+00    6.08E+00   -1.79E+00   -4.35E+00   -1.87E-01    1.65E-01    1.50E-01   -4.58E+01    8.87E-01   0
    3.60E-01    6.00E-01    2.92E+01    2.34E+00    6.08E+00   -1.79E+00   -4.35E+00   -1.98E-01    1.76E-01    1.59E-01   -4.58E+01    8.87E-01   0
    3.80E-01    6.16E-01    2.92E+01    2.35E+00    6.09E+00   -1.79E+00   -4.35E+00   -2.09E-01    1.86E-01    1.68E-01   -4.58E+01    8.88E-01   0
    4.00E-01    6.32E-01    2.92E+01    2.35E+00    6.10E+00   -1.79E+00   -4.35E+00   -2.20E-01    1.96E-01    1.78E-01   -4.58E+01    8.89E-01   0
    4.20E-01    6.48E-01    2.92E+01    2.35E+00    6.11E+00   -1.79E+00   -4.35E+00   -2.32E-01    2.06E-01    1.88E-01   -4.58E+01    8.89E-01   0
    4.40E-01    6.63E-01    2.92E+01    2.35E+00    6.12E+00   -1.79E+00   -4.35E+00   -2.43E-01    2.16E-01    1.97E-01   -4.58E+01    8.90E-01   0
    4.60E-01    6.78E-01    2.91E+01    2.35E+00    6.13E+00   -1.79E+00   -4.35E+00   -2.55E-01    2.27E-01    2.07E-01   -4.58E+01    8.91E-01   0
    4.80E-01    6.93E-01    2.91E+01    2.35E+00    6.14E+00   -1.79E+00   -4.35E+00   -2.66E-01    2.37E-01    2.17E-01   -4.59E+01    8.91E-01   0
    5.00E-01    7.07E-01    2.91E+01    2.35E+00    6.15E+00   -1.79E+00   -4.35E+00   -2.77E-01    2.47E-01    2.27E-01   -4.59E+01    8.92E-01   0
    5.20E-01    7.21E-01    2.91E+01    2.35E+00    6.16E+00   -1.79E+00   -4.35E+00   -2.89E-01    2.58E-01    2.36E-01   -4.59E+01    8.92E-01   0
    5.40E-01    7.35E-01    2.91E+01    2.35E+00    6.17E+00   -1.79E+00   -4.35E+00   -3.01E-01    2.68E-01    2.47E-01   -4.59E+01    8.93E-01   0
    5.60E-01    7.48E-01    2.91E+01    2.36E+00    6.17E+00   -1.79E+00   -4.35E+00   -3.12E-01    2.79E-01    2.57E-01   -4.59E+01    8.93E-01   0
    5.80E-01    7.62E-01    2.91E+01    2.36E+00    6.18E+00   -1.79E+00   -4.35E+00   -3.24E-01    2.89E-01    2.67E-01   -4.59E+01    8.94E-01   0
    6.00E-01    7.75E-01    2.91E+01    2.36E+00    6.19E+00   -1.79E+00   -4.35E+00   -3.35E-01    3.00E-01    2.77E-01   -4.59E+01    8.94E-01   0
    6.20E-01    7.87E-01    2.91E+01    2.36E+00    6.20E+00   -1.79E+00   -4.35E+00   -3.47E-01    3.11E-01    2.88E-01   -4.59E+01    8.95E-01   0
    6.40E-01    8.00E-01    2.91E+01    2.36E+00    6.21E+00   -1.79E+00   -4.35E+00   -3.59E-01    3.21E-01    2.98E-01   -4.59E+01    8.95E-01   0
    6.60E-01    8.12E-01    2.91E+01    2.36E+00    6.22E+00   -1.79E+00   -4.35E+00   -3.71E-01    3.32E-01    3.09E-01   -4.60E+01    8.96E-01   0
    6.80E-01    8.25E-01    2.91E+01    2.36E+00    6.23E+00   -1.79E+00   -4.35E+00   -3.82E-01    3.43E-01    3.19E-01   -4.60E+01    8.97E-01   0
    7.00E-01    8.37E-01    2.91E+01    2.36E+00    6.24E+00   -1.79E+00   -4.35E+00   -3.94E-01    3.54E-01    3.30E-01   -4.60E+01    8.97E-01   0
    7.20E-01    8.49E-01    2.91E+01    2.36E+00    6.25E+00   -1.79E+00   -4.35E+00   -4.06E-01    3.65E-01    3.41E-01   -4.60E+01    8.98E-01   0
    7.40E-01    8.60E-01    2.91E+01    2.37E+00    6.26E+00   -1.79E+00   -4.35E+00   -4.18E-01    3.76E-01    3.52E-01   -4.60E+01    8.99E-01   0
    7.60E-01    8.72E-01    2.91E+01    2.37E+00    6.27E+00   -1.79E+00   -4.35E+00   -4.30E-01    3.87E-01    3.63E-01   -4.60E+01    9.00E-01   0
    7.80E-01    8.83E-01    2.91E+01    2.37E+00    6.28E+00   -1.79E+00   -4.35E+00   -4.42E-01    3.98E-01    3.75E-01   -4.60E+01    9.00E-01   0
    8.00E-01    8.94E-01    2.91E+01    2.37E+00    6.29E+00   -1.79E+00   -4.35E+00   -4.54E-01    4.09E-01    3.86E-01   -4.60E+01    9.01E-01   0
    8.20E-01    9.06E-01    2.91E+01    2.37E+00    6.30E+00   -1.79E+00   -4.35E+00   -4.66E-01    4.21E-01    3.97E-01   -4.60E+01    9.02E-01   0
    8.40E-01    9.17E-01    2.91E+01    2.37E+00    6.31E+00   -1.79E+00   -4.35E+00   -4.78E-01    4.32E-01    4.09E-01   -4.61E+01    9.03E-01   0
    8.60E-01    9.27E-01    2.91E+01    2.37E+00    6.32E+00   -1.78E+00   -4.35E+00   -4.91E-01    4.44E-01    4.21E-01   -4.61E+01    9.04E-01   0
    8.80E-01    9.38E-01    2.91E+01    2.37E+00    6.33E+00   -1.78E+00   -4.35E+00   -5.03E-01    4.55E-01    4.33E-01   -4.61E+01    9.05E-01   0
    9.00E-01    9.49E-01    2.90E+01    2.37E+00    6.34E+00   -1.78E+00   -4.35E+00   -5.15E-01    4.67E-01    4.45E-01   -4.61E+01    9.06E-01   0
    9.20E-01    9.59E-01    2.90E+01    2.38E+00    6.35E+00   -1.78E+00   -4.35E+00   -5.27E-01    4.79E-01    4.57E-01   -4.61E+01    9.07E-01   0
    9.40E-01    9.70E-01    2.90E+01    2.38E+00    6.36E+00   -1.78E+00   -4.35E+00   -5.40E-01    4.90E-01    4.69E-01   -4.61E+01    9.09E-01   0
    9.60E-01    9.80E-01    2.90E+01    2.38E+00    6.37E+00   -1.78E+00   -4.35E+00   -5.52E-01    5.02E-01    4.81E-01   -4.61E+01    9.10E-01   0
    9.80E-01    9.90E-01    2.90E+01    2.38E+00    6.38E+00   -1.78E+00   -4.35E+00   -5.65E-01    5.14E-01    4.94E-01   -4.61E+01    9.11E-01   0
    1.00E+00    1.00E+00    2.90E+01    2.38E+00    6.39E+00   -1.78E+00   -4.35E+00   -5.77E-01    5.27E-01    5.06E-01   -4.62E+01    9.12E-01   0
 -----Metric TEST test-----
           s       Vp_VMEC      Vp_MCONF      %  <|s|>_VMEC   <|s|>_MCONF      %<|s|^2>_VMEC  <|s|^2>_MCON      %
 Volume_vmec:   29.1514367260543     
 Volume_calc:  0.000000000000000E+000     100.000000000000      %
 -----Susceptance TEST test-----
           s      S11_VMEC     S11_MCONF      %    S12_VMEC     S12_MCONF      %    S21_VMEC     s21_MCONF      %    S22_VMEC     s22_MCONF      %
    0.00E+00      1.77E-05      1.77E-05    0.0   -6.23E-04     -6.23E-04    0.0   -5.51E-04     -5.51E-04    0.0   -4.56E+01     -4.56E+01    0.0
    2.00E-02     -1.08E-02     -1.08E-02    0.0    8.87E-03      8.87E-03    0.0    7.82E-03      7.82E-03    0.0   -4.56E+01     -4.56E+01    0.0
    4.00E-02     -2.16E-02     -2.16E-02    0.0    1.84E-02      1.84E-02    0.0    1.62E-02      1.62E-02    0.0   -4.56E+01     -4.56E+01    0.0
    6.00E-02     -3.24E-02     -3.24E-02    0.0    2.79E-02      2.79E-02    0.0    2.46E-02      2.46E-02    0.0   -4.56E+01     -4.56E+01    0.0
    8.00E-02     -4.33E-02     -4.33E-02    0.0    3.75E-02      3.75E-02    0.0    3.31E-02      3.31E-02    0.0   -4.56E+01     -4.56E+01    0.0
    1.00E-01     -5.41E-02     -5.41E-02    0.0    4.71E-02      4.71E-02    0.0    4.16E-02      4.16E-02    0.0   -4.56E+01     -4.56E+01    0.0
    1.20E-01     -6.50E-02     -6.50E-02    0.0    5.67E-02      5.67E-02    0.0    5.02E-02      5.02E-02    0.0   -4.57E+01     -4.57E+01    0.0
    1.40E-01     -7.59E-02     -7.59E-02    0.0    6.64E-02      6.64E-02    0.0    5.89E-02      5.89E-02    0.0   -4.57E+01     -4.57E+01    0.0
    1.60E-01     -8.69E-02     -8.69E-02    0.0    7.62E-02      7.62E-02    0.0    6.76E-02      6.76E-02    0.0   -4.57E+01     -4.57E+01    0.0
    1.80E-01     -9.78E-02     -9.78E-02    0.0    8.59E-02      8.59E-02    0.0    7.65E-02      7.65E-02    0.0   -4.57E+01     -4.57E+01    0.0
    2.00E-01     -1.09E-01     -1.09E-01    0.0    9.57E-02      9.57E-02    0.0    8.54E-02      8.54E-02    0.0   -4.57E+01     -4.57E+01    0.0
    2.20E-01     -1.20E-01     -1.20E-01    0.0    1.06E-01      1.06E-01    0.0    9.44E-02      9.44E-02    0.0   -4.57E+01     -4.57E+01    0.0
    2.40E-01     -1.31E-01     -1.31E-01    0.0    1.15E-01      1.15E-01    0.0    1.03E-01      1.03E-01    0.0   -4.57E+01     -4.57E+01    0.0
    2.60E-01     -1.42E-01     -1.42E-01    0.0    1.25E-01      1.25E-01    0.0    1.13E-01      1.13E-01    0.0   -4.57E+01     -4.57E+01    0.0
    2.80E-01     -1.53E-01     -1.53E-01    0.0    1.35E-01      1.35E-01    0.0    1.22E-01      1.22E-01    0.0   -4.57E+01     -4.57E+01    0.0
    3.00E-01     -1.64E-01     -1.64E-01    0.0    1.45E-01      1.45E-01    0.0    1.31E-01      1.31E-01    0.0   -4.58E+01     -4.58E+01    0.0
    3.20E-01     -1.75E-01     -1.75E-01    0.0    1.55E-01      1.55E-01    0.0    1.40E-01      1.40E-01    0.0   -4.58E+01     -4.58E+01    0.0
    3.40E-01     -1.87E-01     -1.87E-01    0.0    1.65E-01      1.65E-01    0.0    1.50E-01      1.50E-01    0.0   -4.58E+01     -4.58E+01    0.0
    3.60E-01     -1.98E-01     -1.98E-01    0.0    1.76E-01      1.76E-01    0.0    1.59E-01      1.59E-01    0.0   -4.58E+01     -4.58E+01    0.0
    3.80E-01     -2.09E-01     -2.09E-01    0.0    1.86E-01      1.86E-01    0.0    1.68E-01      1.68E-01    0.0   -4.58E+01     -4.58E+01    0.0
    4.00E-01     -2.20E-01     -2.20E-01    0.0    1.96E-01      1.96E-01    0.0    1.78E-01      1.78E-01    0.0   -4.58E+01     -4.58E+01    0.0
    4.20E-01     -2.32E-01     -2.32E-01    0.0    2.06E-01      2.06E-01    0.0    1.88E-01      1.88E-01    0.0   -4.58E+01     -4.58E+01    0.0
    4.40E-01     -2.43E-01     -2.43E-01    0.0    2.16E-01      2.16E-01    0.0    1.97E-01      1.97E-01    0.0   -4.58E+01     -4.58E+01    0.0
    4.60E-01     -2.55E-01     -2.55E-01    0.0    2.27E-01      2.27E-01    0.0    2.07E-01      2.07E-01    0.0   -4.58E+01     -4.58E+01    0.0
    4.80E-01     -2.66E-01     -2.66E-01    0.0    2.37E-01      2.37E-01    0.0    2.17E-01      2.17E-01    0.0   -4.59E+01     -4.59E+01    0.0
    5.00E-01     -2.77E-01     -2.77E-01    0.0    2.47E-01      2.47E-01    0.0    2.27E-01      2.27E-01    0.0   -4.59E+01     -4.59E+01    0.0
    5.20E-01     -2.89E-01     -2.89E-01    0.0    2.58E-01      2.58E-01    0.0    2.36E-01      2.36E-01    0.0   -4.59E+01     -4.59E+01    0.0
    5.40E-01     -3.01E-01     -3.01E-01    0.0    2.68E-01      2.68E-01    0.0    2.47E-01      2.47E-01    0.0   -4.59E+01     -4.59E+01    0.0
    5.60E-01     -3.12E-01     -3.12E-01    0.0    2.79E-01      2.79E-01    0.0    2.57E-01      2.57E-01    0.0   -4.59E+01     -4.59E+01    0.0
    5.80E-01     -3.24E-01     -3.24E-01    0.0    2.89E-01      2.89E-01    0.0    2.67E-01      2.67E-01    0.0   -4.59E+01     -4.59E+01    0.0
    6.00E-01     -3.35E-01     -3.35E-01    0.0    3.00E-01      3.00E-01    0.0    2.77E-01      2.77E-01    0.0   -4.59E+01     -4.59E+01    0.0
    6.20E-01     -3.47E-01     -3.47E-01    0.0    3.11E-01      3.11E-01    0.0    2.88E-01      2.88E-01    0.0   -4.59E+01     -4.59E+01    0.0
    6.40E-01     -3.59E-01     -3.59E-01    0.0    3.21E-01      3.21E-01    0.0    2.98E-01      2.98E-01    0.0   -4.59E+01     -4.59E+01    0.0
    6.60E-01     -3.71E-01     -3.71E-01    0.0    3.32E-01      3.32E-01    0.0    3.09E-01      3.09E-01    0.0   -4.60E+01     -4.60E+01    0.0
    6.80E-01     -3.82E-01     -3.82E-01    0.0    3.43E-01      3.43E-01    0.0    3.19E-01      3.19E-01    0.0   -4.60E+01     -4.60E+01    0.0
    7.00E-01     -3.94E-01     -3.94E-01    0.0    3.54E-01      3.54E-01    0.0    3.30E-01      3.30E-01    0.0   -4.60E+01     -4.60E+01    0.0
    7.20E-01     -4.06E-01     -4.06E-01    0.0    3.65E-01      3.65E-01    0.0    3.41E-01      3.41E-01    0.0   -4.60E+01     -4.60E+01    0.0
    7.40E-01     -4.18E-01     -4.18E-01    0.0    3.76E-01      3.76E-01    0.0    3.52E-01      3.52E-01    0.0   -4.60E+01     -4.60E+01    0.0
    7.60E-01     -4.30E-01     -4.30E-01    0.0    3.87E-01      3.87E-01    0.0    3.63E-01      3.63E-01    0.0   -4.60E+01     -4.60E+01    0.0
    7.80E-01     -4.42E-01     -4.42E-01    0.0    3.98E-01      3.98E-01    0.0    3.75E-01      3.75E-01    0.0   -4.60E+01     -4.60E+01    0.0
    8.00E-01     -4.54E-01     -4.54E-01    0.0    4.09E-01      4.09E-01    0.0    3.86E-01      3.86E-01    0.0   -4.60E+01     -4.60E+01    0.0
    8.20E-01     -4.66E-01     -4.66E-01    0.0    4.21E-01      4.21E-01    0.0    3.97E-01      3.97E-01    0.0   -4.60E+01     -4.60E+01    0.0
    8.40E-01     -4.78E-01     -4.78E-01    0.0    4.32E-01      4.32E-01    0.0    4.09E-01      4.09E-01    0.0   -4.61E+01     -4.61E+01    0.0
    8.60E-01     -4.91E-01     -4.91E-01    0.0    4.44E-01      4.44E-01    0.0    4.21E-01      4.21E-01    0.0   -4.61E+01     -4.61E+01    0.0
    8.80E-01     -5.03E-01     -5.03E-01    0.0    4.55E-01      4.55E-01    0.0    4.33E-01      4.33E-01    0.0   -4.61E+01     -4.61E+01    0.0
    9.00E-01     -5.15E-01     -5.15E-01    0.0    4.67E-01      4.67E-01    0.0    4.45E-01      4.45E-01    0.0   -4.61E+01     -4.61E+01    0.0
    9.20E-01     -5.27E-01     -5.27E-01    0.0    4.79E-01      4.79E-01    0.0    4.57E-01      4.57E-01    0.0   -4.61E+01     -4.61E+01    0.0
    9.40E-01     -5.40E-01     -5.40E-01    0.0    4.90E-01      4.90E-01    0.0    4.69E-01      4.69E-01    0.0   -4.61E+01     -4.61E+01    0.0
    9.60E-01     -5.52E-01     -5.52E-01    0.0    5.02E-01      5.02E-01    0.0    4.81E-01      4.81E-01    0.0   -4.61E+01     -4.61E+01    0.0
    9.80E-01     -5.65E-01     -5.65E-01    0.0    5.14E-01      5.14E-01    0.0    4.94E-01      4.94E-01    0.0   -4.61E+01     -4.61E+01    0.0
    1.00E+00     -5.77E-01     -5.77E-01    0.0    5.27E-01      5.27E-01    0.0    5.06E-01      5.06E-01    0.0   -4.62E+01     -4.62E+01    0.0
