    0.00E+00    0.00E+00    2.91E+01    2.33E+00    5.97E+00    0.00E+00    0.00E+00    1.59E-05   -4.64E-04   -4.25E-04   -4.59E+01    2.93E+01   0
    1.00E-02    1.00E-01    2.91E+01    2.33E+00    5.98E+00   -1.78E+00   -4.32E+00   -5.38E-03    4.19E-03    3.67E-03   -4.59E+01    7.78E-01   0
    2.00E-02    1.41E-01    2.91E+01    2.33E+00    5.99E+00   -1.78E+00   -4.32E+00   -1.08E-02    8.83E-03    7.76E-03   -4.60E+01    8.20E-01   0
    3.00E-02    1.73E-01    2.91E+01    2.34E+00    6.00E+00   -1.78E+00   -4.32E+00   -1.62E-02    1.35E-02    1.19E-02   -4.60E+01    8.38E-01   0
    4.00E-02    2.00E-01    2.91E+01    2.34E+00    6.00E+00   -1.78E+00   -4.32E+00   -2.16E-02    1.83E-02    1.61E-02   -4.60E+01    8.48E-01   0
    5.00E-02    2.24E-01    2.91E+01    2.34E+00    6.01E+00   -1.78E+00   -4.32E+00   -2.70E-02    2.31E-02    2.03E-02   -4.60E+01    8.54E-01   0
    6.00E-02    2.45E-01    2.91E+01    2.34E+00    6.01E+00   -1.78E+00   -4.32E+00   -3.24E-02    2.78E-02    2.45E-02   -4.60E+01    8.59E-01   0
    7.00E-02    2.65E-01    2.91E+01    2.34E+00    6.01E+00   -1.78E+00   -4.32E+00   -3.78E-02    3.26E-02    2.87E-02   -4.60E+01    8.62E-01   0
    8.00E-02    2.83E-01    2.91E+01    2.34E+00    6.02E+00   -1.78E+00   -4.32E+00   -4.33E-02    3.74E-02    3.29E-02   -4.60E+01    8.65E-01   0
    9.00E-02    3.00E-01    2.91E+01    2.34E+00    6.02E+00   -1.78E+00   -4.32E+00   -4.87E-02    4.22E-02    3.72E-02   -4.60E+01    8.67E-01   0
    1.00E-01    3.16E-01    2.91E+01    2.34E+00    6.03E+00   -1.78E+00   -4.32E+00   -5.41E-02    4.71E-02    4.15E-02   -4.60E+01    8.69E-01   0
    1.10E-01    3.32E-01    2.91E+01    2.34E+00    6.03E+00   -1.78E+00   -4.32E+00   -5.96E-02    5.19E-02    4.58E-02   -4.60E+01    8.70E-01   0
    1.20E-01    3.46E-01    2.91E+01    2.34E+00    6.04E+00   -1.78E+00   -4.32E+00   -6.50E-02    5.67E-02    5.01E-02   -4.60E+01    8.72E-01   0
    1.30E-01    3.61E-01    2.91E+01    2.34E+00    6.04E+00   -1.78E+00   -4.32E+00   -7.05E-02    6.15E-02    5.44E-02   -4.60E+01    8.73E-01   0
    1.40E-01    3.74E-01    2.90E+01    2.34E+00    6.04E+00   -1.78E+00   -4.32E+00   -7.60E-02    6.64E-02    5.87E-02   -4.60E+01    8.74E-01   0
    1.50E-01    3.87E-01    2.90E+01    2.34E+00    6.05E+00   -1.78E+00   -4.32E+00   -8.14E-02    7.12E-02    6.31E-02   -4.60E+01    8.74E-01   0
    1.60E-01    4.00E-01    2.90E+01    2.34E+00    6.05E+00   -1.78E+00   -4.32E+00   -8.69E-02    7.61E-02    6.75E-02   -4.60E+01    8.75E-01   0
    1.70E-01    4.12E-01    2.90E+01    2.34E+00    6.06E+00   -1.78E+00   -4.32E+00   -9.24E-02    8.09E-02    7.19E-02   -4.60E+01    8.76E-01   0
    1.80E-01    4.24E-01    2.90E+01    2.34E+00    6.06E+00   -1.78E+00   -4.32E+00   -9.79E-02    8.58E-02    7.63E-02   -4.60E+01    8.76E-01   0
    1.90E-01    4.36E-01    2.90E+01    2.34E+00    6.06E+00   -1.78E+00   -4.32E+00   -1.03E-01    9.06E-02    8.07E-02   -4.60E+01    8.76E-01   0
    2.00E-01    4.47E-01    2.90E+01    2.34E+00    6.07E+00   -1.78E+00   -4.32E+00   -1.09E-01    9.55E-02    8.51E-02   -4.61E+01    8.77E-01   0
    2.10E-01    4.58E-01    2.90E+01    2.34E+00    6.07E+00   -1.78E+00   -4.32E+00   -1.14E-01    1.00E-01    8.95E-02   -4.61E+01    8.77E-01   0
    2.20E-01    4.69E-01    2.90E+01    2.35E+00    6.08E+00   -1.78E+00   -4.32E+00   -1.20E-01    1.05E-01    9.40E-02   -4.61E+01    8.77E-01   0
    2.30E-01    4.80E-01    2.90E+01    2.35E+00    6.08E+00   -1.78E+00   -4.32E+00   -1.26E-01    1.10E-01    9.85E-02   -4.61E+01    8.78E-01   0
    2.40E-01    4.90E-01    2.90E+01    2.35E+00    6.09E+00   -1.78E+00   -4.32E+00   -1.31E-01    1.15E-01    1.03E-01   -4.61E+01    8.78E-01   0
    2.50E-01    5.00E-01    2.90E+01    2.35E+00    6.09E+00   -1.78E+00   -4.32E+00   -1.37E-01    1.20E-01    1.07E-01   -4.61E+01    8.78E-01   0
    2.60E-01    5.10E-01    2.90E+01    2.35E+00    6.10E+00   -1.78E+00   -4.32E+00   -1.42E-01    1.25E-01    1.12E-01   -4.61E+01    8.78E-01   0
    2.70E-01    5.20E-01    2.90E+01    2.35E+00    6.10E+00   -1.78E+00   -4.32E+00   -1.48E-01    1.30E-01    1.17E-01   -4.61E+01    8.79E-01   0
    2.80E-01    5.29E-01    2.90E+01    2.35E+00    6.10E+00   -1.78E+00   -4.32E+00   -1.53E-01    1.35E-01    1.21E-01   -4.61E+01    8.79E-01   0
    2.90E-01    5.39E-01    2.90E+01    2.35E+00    6.11E+00   -1.78E+00   -4.32E+00   -1.59E-01    1.40E-01    1.26E-01   -4.61E+01    8.79E-01   0
    3.00E-01    5.48E-01    2.90E+01    2.35E+00    6.11E+00   -1.78E+00   -4.32E+00   -1.64E-01    1.45E-01    1.30E-01   -4.61E+01    8.79E-01   0
    3.10E-01    5.57E-01    2.90E+01    2.35E+00    6.12E+00   -1.78E+00   -4.32E+00   -1.70E-01    1.50E-01    1.35E-01   -4.61E+01    8.79E-01   0
    3.20E-01    5.66E-01    2.90E+01    2.35E+00    6.12E+00   -1.78E+00   -4.32E+00   -1.76E-01    1.55E-01    1.39E-01   -4.61E+01    8.80E-01   0
    3.30E-01    5.74E-01    2.90E+01    2.35E+00    6.13E+00   -1.78E+00   -4.32E+00   -1.81E-01    1.59E-01    1.44E-01   -4.61E+01    8.80E-01   0
    3.40E-01    5.83E-01    2.90E+01    2.35E+00    6.13E+00   -1.78E+00   -4.32E+00   -1.87E-01    1.64E-01    1.49E-01   -4.61E+01    8.80E-01   0
    3.50E-01    5.92E-01    2.90E+01    2.35E+00    6.14E+00   -1.78E+00   -4.32E+00   -1.93E-01    1.69E-01    1.53E-01   -4.61E+01    8.80E-01   0
    3.60E-01    6.00E-01    2.90E+01    2.35E+00    6.14E+00   -1.78E+00   -4.32E+00   -1.98E-01    1.74E-01    1.58E-01   -4.61E+01    8.80E-01   0
    3.70E-01    6.08E-01    2.89E+01    2.35E+00    6.15E+00   -1.78E+00   -4.32E+00   -2.04E-01    1.79E-01    1.63E-01   -4.61E+01    8.80E-01   0
    3.80E-01    6.16E-01    2.89E+01    2.35E+00    6.15E+00   -1.78E+00   -4.32E+00   -2.09E-01    1.84E-01    1.68E-01   -4.61E+01    8.81E-01   0
    3.90E-01    6.24E-01    2.89E+01    2.35E+00    6.16E+00   -1.78E+00   -4.32E+00   -2.15E-01    1.89E-01    1.72E-01   -4.62E+01    8.81E-01   0
    4.00E-01    6.32E-01    2.89E+01    2.35E+00    6.16E+00   -1.78E+00   -4.32E+00   -2.21E-01    1.95E-01    1.77E-01   -4.62E+01    8.81E-01   0
    4.10E-01    6.40E-01    2.89E+01    2.36E+00    6.16E+00   -1.78E+00   -4.32E+00   -2.26E-01    2.00E-01    1.82E-01   -4.62E+01    8.81E-01   0
    4.20E-01    6.48E-01    2.89E+01    2.36E+00    6.17E+00   -1.78E+00   -4.32E+00   -2.32E-01    2.05E-01    1.87E-01   -4.62E+01    8.81E-01   0
    4.30E-01    6.56E-01    2.89E+01    2.36E+00    6.17E+00   -1.78E+00   -4.32E+00   -2.38E-01    2.10E-01    1.92E-01   -4.62E+01    8.82E-01   0
    4.40E-01    6.63E-01    2.89E+01    2.36E+00    6.18E+00   -1.78E+00   -4.32E+00   -2.44E-01    2.15E-01    1.96E-01   -4.62E+01    8.82E-01   0
    4.50E-01    6.71E-01    2.89E+01    2.36E+00    6.18E+00   -1.78E+00   -4.32E+00   -2.49E-01    2.20E-01    2.01E-01   -4.62E+01    8.82E-01   0
    4.60E-01    6.78E-01    2.89E+01    2.36E+00    6.19E+00   -1.78E+00   -4.32E+00   -2.55E-01    2.25E-01    2.06E-01   -4.62E+01    8.82E-01   0
    4.70E-01    6.86E-01    2.89E+01    2.36E+00    6.19E+00   -1.78E+00   -4.32E+00   -2.61E-01    2.30E-01    2.11E-01   -4.62E+01    8.82E-01   0
    4.80E-01    6.93E-01    2.89E+01    2.36E+00    6.20E+00   -1.78E+00   -4.32E+00   -2.66E-01    2.35E-01    2.16E-01   -4.62E+01    8.83E-01   0
    4.90E-01    7.00E-01    2.89E+01    2.36E+00    6.20E+00   -1.77E+00   -4.32E+00   -2.72E-01    2.40E-01    2.21E-01   -4.62E+01    8.83E-01   0
    5.00E-01    7.07E-01    2.89E+01    2.36E+00    6.21E+00   -1.77E+00   -4.32E+00   -2.78E-01    2.45E-01    2.26E-01   -4.62E+01    8.83E-01   0
    5.10E-01    7.14E-01    2.89E+01    2.36E+00    6.21E+00   -1.77E+00   -4.32E+00   -2.84E-01    2.51E-01    2.31E-01   -4.62E+01    8.83E-01   0
    5.20E-01    7.21E-01    2.89E+01    2.36E+00    6.22E+00   -1.77E+00   -4.32E+00   -2.89E-01    2.56E-01    2.36E-01   -4.62E+01    8.84E-01   0
    5.30E-01    7.28E-01    2.89E+01    2.36E+00    6.22E+00   -1.77E+00   -4.32E+00   -2.95E-01    2.61E-01    2.41E-01   -4.62E+01    8.84E-01   0
    5.40E-01    7.35E-01    2.89E+01    2.36E+00    6.22E+00   -1.77E+00   -4.32E+00   -3.01E-01    2.66E-01    2.46E-01   -4.62E+01    8.84E-01   0
    5.50E-01    7.42E-01    2.89E+01    2.36E+00    6.23E+00   -1.77E+00   -4.32E+00   -3.07E-01    2.71E-01    2.51E-01   -4.62E+01    8.85E-01   0
    5.60E-01    7.48E-01    2.89E+01    2.36E+00    6.23E+00   -1.77E+00   -4.32E+00   -3.13E-01    2.77E-01    2.56E-01   -4.62E+01    8.85E-01   0
    5.70E-01    7.55E-01    2.89E+01    2.36E+00    6.24E+00   -1.77E+00   -4.32E+00   -3.18E-01    2.82E-01    2.61E-01   -4.63E+01    8.85E-01   0
    5.80E-01    7.62E-01    2.89E+01    2.36E+00    6.24E+00   -1.77E+00   -4.32E+00   -3.24E-01    2.87E-01    2.66E-01   -4.63E+01    8.86E-01   0
    5.90E-01    7.68E-01    2.89E+01    2.37E+00    6.25E+00   -1.77E+00   -4.32E+00   -3.30E-01    2.92E-01    2.72E-01   -4.63E+01    8.86E-01   0
    6.00E-01    7.75E-01    2.89E+01    2.37E+00    6.25E+00   -1.77E+00   -4.32E+00   -3.36E-01    2.98E-01    2.77E-01   -4.63E+01    8.86E-01   0
    6.10E-01    7.81E-01    2.89E+01    2.37E+00    6.26E+00   -1.77E+00   -4.32E+00   -3.42E-01    3.03E-01    2.82E-01   -4.63E+01    8.87E-01   0
    6.20E-01    7.87E-01    2.89E+01    2.37E+00    6.26E+00   -1.77E+00   -4.32E+00   -3.48E-01    3.08E-01    2.87E-01   -4.63E+01    8.87E-01   0
    6.30E-01    7.94E-01    2.89E+01    2.37E+00    6.27E+00   -1.77E+00   -4.32E+00   -3.53E-01    3.14E-01    2.92E-01   -4.63E+01    8.88E-01   0
    6.40E-01    8.00E-01    2.89E+01    2.37E+00    6.27E+00   -1.77E+00   -4.32E+00   -3.59E-01    3.19E-01    2.98E-01   -4.63E+01    8.88E-01   0
    6.50E-01    8.06E-01    2.89E+01    2.37E+00    6.27E+00   -1.77E+00   -4.32E+00   -3.65E-01    3.24E-01    3.03E-01   -4.63E+01    8.88E-01   0
    6.60E-01    8.12E-01    2.89E+01    2.37E+00    6.28E+00   -1.77E+00   -4.32E+00   -3.71E-01    3.30E-01    3.08E-01   -4.63E+01    8.89E-01   0
    6.70E-01    8.19E-01    2.89E+01    2.37E+00    6.28E+00   -1.77E+00   -4.32E+00   -3.77E-01    3.35E-01    3.14E-01   -4.63E+01    8.89E-01   0
    6.80E-01    8.25E-01    2.89E+01    2.37E+00    6.29E+00   -1.77E+00   -4.32E+00   -3.83E-01    3.41E-01    3.19E-01   -4.63E+01    8.90E-01   0
    6.90E-01    8.31E-01    2.89E+01    2.37E+00    6.29E+00   -1.77E+00   -4.32E+00   -3.89E-01    3.46E-01    3.25E-01   -4.63E+01    8.90E-01   0
    7.00E-01    8.37E-01    2.88E+01    2.37E+00    6.30E+00   -1.77E+00   -4.32E+00   -3.95E-01    3.51E-01    3.30E-01   -4.63E+01    8.91E-01   0
    7.10E-01    8.43E-01    2.88E+01    2.37E+00    6.30E+00   -1.77E+00   -4.32E+00   -4.00E-01    3.57E-01    3.35E-01   -4.63E+01    8.91E-01   0
    7.20E-01    8.49E-01    2.88E+01    2.37E+00    6.31E+00   -1.77E+00   -4.32E+00   -4.06E-01    3.62E-01    3.41E-01   -4.63E+01    8.92E-01   0
    7.30E-01    8.54E-01    2.88E+01    2.37E+00    6.31E+00   -1.77E+00   -4.32E+00   -4.12E-01    3.68E-01    3.46E-01   -4.63E+01    8.92E-01   0
    7.40E-01    8.60E-01    2.88E+01    2.37E+00    6.31E+00   -1.77E+00   -4.32E+00   -4.18E-01    3.73E-01    3.52E-01   -4.63E+01    8.93E-01   0
    7.50E-01    8.66E-01    2.88E+01    2.37E+00    6.32E+00   -1.77E+00   -4.32E+00   -4.24E-01    3.79E-01    3.57E-01   -4.63E+01    8.93E-01   0
    7.60E-01    8.72E-01    2.88E+01    2.38E+00    6.32E+00   -1.77E+00   -4.32E+00   -4.30E-01    3.84E-01    3.63E-01   -4.64E+01    8.94E-01   0
    7.70E-01    8.77E-01    2.88E+01    2.38E+00    6.33E+00   -1.77E+00   -4.32E+00   -4.36E-01    3.90E-01    3.69E-01   -4.64E+01    8.94E-01   0
    7.80E-01    8.83E-01    2.88E+01    2.38E+00    6.33E+00   -1.77E+00   -4.32E+00   -4.42E-01    3.96E-01    3.74E-01   -4.64E+01    8.95E-01   0
    7.90E-01    8.89E-01    2.88E+01    2.38E+00    6.34E+00   -1.77E+00   -4.32E+00   -4.48E-01    4.01E-01    3.80E-01   -4.64E+01    8.95E-01   0
    8.00E-01    8.94E-01    2.88E+01    2.38E+00    6.34E+00   -1.77E+00   -4.32E+00   -4.54E-01    4.07E-01    3.86E-01   -4.64E+01    8.96E-01   0
    8.10E-01    9.00E-01    2.88E+01    2.38E+00    6.35E+00   -1.77E+00   -4.32E+00   -4.60E-01    4.13E-01    3.91E-01   -4.64E+01    8.96E-01   0
    8.20E-01    9.06E-01    2.88E+01    2.38E+00    6.35E+00   -1.77E+00   -4.32E+00   -4.66E-01    4.18E-01    3.97E-01   -4.64E+01    8.97E-01   0
    8.30E-01    9.11E-01    2.88E+01    2.38E+00    6.36E+00   -1.77E+00   -4.32E+00   -4.72E-01    4.24E-01    4.03E-01   -4.64E+01    8.98E-01   0
    8.40E-01    9.17E-01    2.88E+01    2.38E+00    6.36E+00   -1.77E+00   -4.32E+00   -4.78E-01    4.30E-01    4.09E-01   -4.64E+01    8.98E-01   0
    8.50E-01    9.22E-01    2.88E+01    2.38E+00    6.36E+00   -1.77E+00   -4.32E+00   -4.84E-01    4.35E-01    4.14E-01   -4.64E+01    8.99E-01   0
    8.60E-01    9.27E-01    2.88E+01    2.38E+00    6.37E+00   -1.77E+00   -4.32E+00   -4.90E-01    4.41E-01    4.20E-01   -4.64E+01    9.00E-01   0
    8.70E-01    9.33E-01    2.88E+01    2.38E+00    6.37E+00   -1.77E+00   -4.32E+00   -4.96E-01    4.47E-01    4.26E-01   -4.64E+01    9.00E-01   0
    8.80E-01    9.38E-01    2.88E+01    2.38E+00    6.38E+00   -1.77E+00   -4.32E+00   -5.02E-01    4.53E-01    4.32E-01   -4.64E+01    9.01E-01   0
    8.90E-01    9.43E-01    2.88E+01    2.38E+00    6.38E+00   -1.77E+00   -4.32E+00   -5.09E-01    4.58E-01    4.38E-01   -4.64E+01    9.01E-01   0
    9.00E-01    9.49E-01    2.88E+01    2.38E+00    6.39E+00   -1.77E+00   -4.32E+00   -5.15E-01    4.64E-01    4.44E-01   -4.64E+01    9.02E-01   0
    9.10E-01    9.54E-01    2.88E+01    2.38E+00    6.39E+00   -1.77E+00   -4.32E+00   -5.21E-01    4.70E-01    4.50E-01   -4.64E+01    9.03E-01   0
    9.20E-01    9.59E-01    2.88E+01    2.38E+00    6.40E+00   -1.77E+00   -4.32E+00   -5.27E-01    4.76E-01    4.56E-01   -4.64E+01    9.04E-01   0
    9.30E-01    9.64E-01    2.88E+01    2.38E+00    6.40E+00   -1.77E+00   -4.32E+00   -5.33E-01    4.82E-01    4.62E-01   -4.64E+01    9.04E-01   0
    9.40E-01    9.70E-01    2.88E+01    2.39E+00    6.41E+00   -1.77E+00   -4.32E+00   -5.39E-01    4.88E-01    4.68E-01   -4.65E+01    9.05E-01   0
    9.50E-01    9.75E-01    2.88E+01    2.39E+00    6.41E+00   -1.77E+00   -4.32E+00   -5.45E-01    4.94E-01    4.74E-01   -4.65E+01    9.06E-01   0
    9.60E-01    9.80E-01    2.88E+01    2.39E+00    6.41E+00   -1.77E+00   -4.32E+00   -5.51E-01    5.00E-01    4.80E-01   -4.65E+01    9.06E-01   0
    9.70E-01    9.85E-01    2.88E+01    2.39E+00    6.42E+00   -1.77E+00   -4.32E+00   -5.58E-01    5.06E-01    4.86E-01   -4.65E+01    9.07E-01   0
    9.80E-01    9.90E-01    2.88E+01    2.39E+00    6.42E+00   -1.77E+00   -4.32E+00   -5.64E-01    5.12E-01    4.92E-01   -4.65E+01    9.08E-01   0
    9.90E-01    9.95E-01    2.88E+01    2.39E+00    6.43E+00   -1.77E+00   -4.32E+00   -5.70E-01    5.18E-01    4.99E-01   -4.65E+01    9.09E-01   0
    1.00E+00    1.00E+00    2.88E+01    2.39E+00    6.43E+00   -1.77E+00   -4.32E+00   -5.76E-01    5.24E-01    5.05E-01   -4.65E+01    9.09E-01   0
