<===Magnetic Configuration
Bila_03_StelSym

<===Coilset ID
coilset_bila_03_stelsym

<===Coil Currents
1

<===Integration Tolerances
<===relTol
1e-8
<===absTol
1e-10

<===Number of surfaces
51
<===Number of transits
320

<===Phi increment (in degrees) Also, 360 / Number of field periods
72

<===r-axis at  phi=0, z=0 
2.3889

<===Starting coordinates for each surface
<===r-coords
     2.389000000000000e+00
     2.394000000000000e+00
     2.399000000000000e+00
     2.404000000000000e+00
     2.409000000000000e+00
     2.414000000000000e+00
     2.419000000000000e+00
     2.424000000000000e+00
     2.429000000000000e+00
     2.434000000000000e+00
     2.439000000000000e+00
     2.444000000000000e+00
     2.449000000000000e+00
     2.454000000000000e+00
     2.459000000000000e+00
     2.464000000000000e+00
     2.469000000000000e+00
     2.474000000000000e+00
     2.479000000000000e+00
     2.484000000000000e+00
     2.489000000000000e+00
     2.494000000000000e+00
     2.499000000000000e+00
     2.504000000000000e+00
     2.509000000000000e+00
     2.514000000000000e+00
     2.519000000000000e+00
     2.524000000000000e+00
     2.529000000000000e+00
     2.534000000000000e+00
     2.539000000000000e+00
     2.544000000000000e+00
     2.549000000000000e+00
     2.554000000000000e+00
     2.559000000000000e+00
     2.564000000000000e+00
     2.569000000000000e+00
     2.574000000000000e+00
     2.579000000000000e+00
     2.584000000000000e+00
     2.589000000000000e+00
     2.594000000000000e+00
     2.599000000000000e+00
     2.604000000000000e+00
     2.609000000000000e+00
     2.614000000000000e+00
     2.619000000000000e+00
     2.624000000000000e+00
     2.629000000000000e+00
     2.634000000000000e+00
     2.639000000000000e+00

<===z-coords
     0
     0
     0
     0
     0
     0
     0
     0
     0
     0
     0
     0
     0
     0
     0
     0
     0
     0
     0
     0
     0
     0
     0
     0
     0
     0
     0
     0
     0
     0
     0
     0
     0
     0
     0
     0
     0
     0
     0
     0
     0
     0
     0
     0
     0
     0
     0
     0
     0
     0
     0

<===phi-coords
     0
     0
     0
     0
     0
     0
     0
     0
     0
     0
     0
     0
     0
     0
     0
     0
     0
     0
     0
     0
     0
     0
     0
     0
     0
     0
     0
     0
     0
     0
     0
     0
     0
     0
     0
     0
     0
     0
     0
     0
     0
     0
     0
     0
     0
     0
     0
     0
     0
     0
     0
